t_ms,ax,ay,az,gx,gy,gz,temp,ang_deg
12,-8.156534,-3.698706,4.380062,0.029322,0.189674,0.08323,32.53,63.9383174348642
22,-8.181659,-3.708875,4.384848,0.031154,0.194102,0.08659,32.5,63.9818722899201
32,-8.213962,-3.711866,4.372883,0.031765,0.196546,0.088575,32.5,64.1202878877783
42,-8.248059,-3.71067,4.368098,0.032223,0.197004,0.08827,32.55,64.2210183572442
52,-8.258827,-3.713063,4.338786,0.031001,0.194561,0.088117,32.55,64.3984403417433
62,-8.287541,-3.720241,4.328616,0.030849,0.191048,0.085674,32.51,64.5223407312546
72,-8.312666,-3.732205,4.313661,0.029016,0.183565,0.081551,32.51,64.6670825205073
82,-8.342576,-3.734598,4.289135,0.026878,0.173791,0.076816,32.5,64.8615235553679
92,-8.36112,-3.744768,4.27059,0.024435,0.161268,0.070097,32.5,65.0074505191167
102,-8.379665,-3.74716,4.249055,0.021686,0.144622,0.060476,32.52,65.1608603088057
112,-8.401799,-3.754937,4.237689,0.018784,0.125227,0.050855,32.52,65.2747341353256
122,-8.423334,-3.765106,4.219743,0.016493,0.103542,0.039401,32.5,65.423031211895
132,-8.427522,-3.77049,4.203591,0.014203,0.079412,0.027031,32.5,65.5201368058211
142,-8.434101,-3.782454,4.198806,0.011606,0.028253,-0.002291,32.47,65.5701923356911
152,-8.446067,-3.783651,4.188038,0.00733,0.001527,-0.015882,32.5,65.6521026396931
162,-8.44128,-3.796213,4.188636,0.005498,-0.025045,-0.028558,32.5,65.650836144349
172,-8.42453,-3.807579,4.191627,0.003818,-0.051007,-0.041692,32.54,65.6107909884567
182,-8.399406,-3.808775,4.180261,0.003054,-0.076511,-0.054367,32.54,65.6170392764766
192,-8.390432,-3.813561,4.179065,0.00168,-0.100793,-0.065057,32.53,65.6087315545589
202,-8.35454,-3.823731,4.19402,0.001069,-0.124006,-0.073609,32.53,65.4648496655281
212,-8.323434,-3.826722,4.197011,0.000764,-0.14615,-0.07926,32.5,65.3855661876382
222,-8.297112,-3.826123,4.210171,0.000305,-0.165544,-0.083689,32.5,65.260115688837
232,-8.259426,-3.845266,4.221537,0.000916,-0.183565,-0.085368,32.51,65.1387769220416
242,-8.230712,-3.842275,4.253242,0.00168,-0.196699,-0.083689,32.51,64.908906313287
252,-8.196015,-3.841677,4.266403,0.003207,-0.207541,-0.080634,32.51,64.7637364309495
262,-8.154141,-3.832105,4.281358,0.004429,-0.214566,-0.074678,32.51,64.5832477323722
272,-8.127223,-3.839882,4.314259,0.005192,-0.217621,-0.066432,32.52,64.3605976863552
282,-8.09791,-3.838686,4.335197,0.00672,-0.216246,-0.057269,32.52,64.1846984329521
292,-8.07817,-3.828516,4.366901,0.007483,-0.211207,-0.047953,32.54,63.964680739326
302,-8.047661,-3.809972,4.418945,0.008247,-0.202502,-0.038637,32.54,63.6052948569
312,-8.013563,-3.812365,4.447061,0.008094,-0.190743,-0.018937,32.54,63.3835062518706
322,-8.014161,-3.812365,4.476971,0.005345,-0.154702,-0.01069,32.49,63.2307656265556
332,-8.006983,-3.789035,4.498507,0.003818,-0.132405,-0.002902,32.49,63.0770562234919
342,-8.007581,-3.779463,4.523033,0.000153,-0.108123,0.002596,32.52,62.9417840500868
352,-8.019545,-3.77408,4.557131,-0.003054,-0.080481,0.007636,32.52,62.7895107596688
363,-8.03809,-3.767499,4.563711,-0.008399,-0.051924,0.010232,32.52,62.7926360826571
372,-8.043473,-3.759125,4.574479,-0.013286,-0.024129,0.008705,32.52,62.7411758269172
382,-8.057232,-3.759723,4.582255,-0.018784,0.005651,0.007483,32.5,62.7349510677034
392,-8.08475,-3.742973,4.581059,-0.024282,0.032987,0.002902,32.5,62.787915412456
402,-8.105686,-3.737589,4.588835,-0.030849,0.06017,-0.003054,32.48,62.7921565378066
412,-8.122437,-3.732205,4.570889,-0.036041,0.085368,-0.010232,32.48,62.9170708335105
422,-8.143373,-3.726223,4.548756,-0.041386,0.108276,-0.019395,32.5,63.0724272175665
432,-8.165507,-3.722036,4.544569,-0.045968,0.129503,-0.027947,32.5,63.1411390492231
442,-8.180463,-3.720241,4.518846,-0.049938,0.14844,-0.037874,32.55,63.3049675292065
452,-8.183454,-3.713063,4.493123,-0.051924,0.163559,-0.047037,32.55,63.4353942553577
462,-8.190034,-3.709473,4.457231,-0.052993,0.176235,-0.055283,32.5,63.6302042607114
472,-8.199606,-3.711268,4.430311,-0.051618,0.186008,-0.061087,32.5,63.7919578813622
482,-8.197212,-3.705884,4.359723,-0.048717,0.191659,-0.066584,32.54,64.1438018522021
492,-8.201998,-3.713063,4.324429,-0.038637,0.193644,-0.07086,32.53,64.3443082975025
502,-8.204989,-3.713661,4.299304,-0.031307,0.190132,-0.069791,32.53,64.4817200911129
512,-8.193623,-3.71067,4.269992,-0.023366,0.184329,-0.066737,32.46,64.6052136768647
522,-8.184649,-3.724428,4.250251,-0.013897,0.176082,-0.061545,32.46,64.701808560305
532,-8.189436,-3.71725,4.239483,-0.004276,0.167072,-0.054062,32.51,64.761327271668
542,-8.176275,-3.729812,4.209573,0.006261,0.156992,-0.044288,32.51,64.9008473047752
552,-8.176873,-3.738187,4.195815,0.016341,0.14508,-0.032376,32.51,64.9826495442816
562,-8.170892,-3.737589,4.185645,0.026573,0.130878,-0.020617,32.51,65.0220160451725
572,-8.179267,-3.738786,4.173681,0.036194,0.117133,-0.006872,32.54,65.1044899293094
582,-8.196614,-3.757928,4.171288,0.045815,0.102931,0.006414,32.54,65.174643177444
592,-8.199007,-3.755535,4.17069,0.053145,0.08827,0.020006,32.52,65.1806262411333
602,-8.206185,-3.761517,4.171886,0.060323,0.07254,0.03207,32.52,65.1961801101549
612,-8.213962,-3.769294,4.174279,0.06521,0.05849,0.04444,32.49,65.2085738697339
622,-8.233105,-3.766901,4.181458,0.070097,0.043066,0.054367,32.49,65.2106536564501
632,-8.249854,-3.776472,4.194618,0.073151,0.028253,0.063072,32.51,65.1883460227305
642,-8.263015,-3.778267,4.197011,0.074373,0.012523,0.069944,32.51,65.2064561385039
652,-8.28156,-3.795017,4.22393,0.074526,-0.00336,0.074678,32.51,65.124044456045
662,-8.299506,-3.792624,4.235895,0.073609,-0.033903,0.079565,32.51,65.0989324345227
672,-8.315658,-3.799204,4.251448,0.068722,-0.048869,0.077885,32.52,65.0604609251253
682,-8.329416,-3.808775,4.256832,0.064294,-0.062919,0.074831,32.51,65.0722148107612
692,-8.338388,-3.821936,4.283751,0.058338,-0.077733,0.069486,32.51,64.9665836126055
702,-8.35454,-3.816552,4.299304,0.052687,-0.090713,0.061545,32.51,64.916725078824
712,-8.35813,-3.825525,4.308876,0.045815,-0.102931,0.051465,32.51,64.8845361497255
722,-8.368897,-3.822534,4.332804,0.039706,-0.114537,0.038637,32.49,64.782913945785
732,-8.356933,-3.826722,4.338188,0.03207,-0.124922,0.02474,32.49,64.7335072691916
742,-8.356335,-3.831507,4.359723,0.02474,-0.134238,0.008705,32.5,64.6273205617094
752,-8.343175,-3.832704,4.375875,0.018173,-0.141415,-0.006414,32.5,64.5174416227434
762,-8.34796,-3.823133,4.396811,0.010232,-0.144775,-0.023671,32.5,64.411943002358
772,-8.3348,-3.829713,4.407579,0.003512,-0.147219,-0.041233,32.5,64.3348483468946
782,-8.310272,-3.834498,4.419543,-0.002902,-0.146913,-0.05849,32.49,64.2245442334179
792,-8.274979,-3.817749,4.441677,-0.009163,-0.143706,-0.074831,32.49,64.015896733724
802,-8.247462,-3.814758,4.451847,-0.01573,-0.138056,-0.089186,32.54,63.8990503723411
812,-8.227122,-3.828516,4.466802,-0.022144,-0.130114,-0.102625,32.54,63.7914161872875
822,-8.200203,-3.833302,4.461418,-0.027794,-0.119271,-0.114232,32.54,63.7627428487814
832,-8.135597,-3.818347,4.469195,-0.031918,-0.106596,-0.131183,32.54,63.5592645391772
842,-8.099107,-3.826722,4.465605,-0.037263,-0.078496,-0.136376,32.53,63.5026134415548
852,-8.079964,-3.821338,4.453641,-0.037721,-0.06353,-0.136987,32.5,63.5138539508253
862,-8.047063,-3.820141,4.435097,-0.036805,-0.048411,-0.135459,32.5,63.5317556736022
872,-8.021938,-3.796811,4.427918,-0.03375,-0.032987,-0.131183,32.5,63.4846962487417
882,-8.003393,-3.796213,4.409972,-0.028405,-0.018326,-0.122937,32.5,63.5336950901825
892,-7.977671,-3.78724,4.400999,-0.022297,-0.00336,-0.112246,32.52,63.5102440977282
902,-7.975278,-3.789633,4.382454,-0.014966,0.009468,-0.098197,32.52,63.6037753141164
912,-7.956135,-3.787838,4.375276,-0.006414,0.021686,-0.083689,32.54,63.5944653086886
922,-7.95793,-3.777071,4.374678,0.003971,0.032681,-0.064904,32.54,63.589809791464
932,-7.954341,-3.766303,4.357928,0.012828,0.043371,-0.047647,32.53,63.6569471210647
942,-7.947162,-3.762115,4.359723,0.021991,0.052993,-0.029169,32.53,63.6261041963563
952,-7.977072,-3.763312,4.372285,0.030543,0.062766,-0.009927,32.51,63.631840912732
962,-7.989037,-3.748357,4.380062,0.038332,0.072998,0.008705,32.51,63.6028380373161
972,-7.98784,-3.73041,4.383053,0.044746,0.083841,0.026878,32.52,63.5647559140786
992,-8.050652,-3.707679,4.429713,0.051924,0.104763,0.055741,32.51,63.4452285685982
1002,-8.120642,-3.7005,4.429713,0.05284,0.115759,0.066279,32.51,63.6011329970455
1012,-8.148159,-3.696313,4.442276,0.047189,0.136681,0.079412,32.54,63.5960510938803
1022,-8.182856,-3.686144,4.442873,0.042761,0.147066,0.079565,32.53,63.6627760577621
1032,-8.216953,-3.68375,4.445267,0.037263,0.156076,0.077427,32.53,63.7267746416191
1042,-8.264212,-3.680161,4.441677,0.030085,0.162948,0.072846,32.51,63.8499748698764
1052,-8.295319,-3.681956,4.436294,0.022907,0.167377,0.063835,32.51,63.9502553185127
1062,-8.322237,-3.687938,4.421937,0.015424,0.17089,0.051313,32.51,64.09049203691
1072,-8.345568,-3.689135,4.408178,0.008247,0.171653,0.038026,32.51,64.2143716077814
1082,-8.367702,-3.692126,4.38724,0.002596,0.169668,0.023213,32.5,64.3735779864504
1092,-8.379665,-3.703491,4.366901,-0.001985,0.164628,0.00733,32.5,64.5150349599335
1102,-8.388638,-3.703491,4.339384,-0.005498,0.156382,-0.008552,32.55,64.6752711868696
1112,-8.385049,-3.713063,4.313063,-0.007483,0.144622,-0.024587,32.55,64.8112066819213
1122,-8.391629,-3.728616,4.298706,-0.008247,0.130878,-0.038637,32.54,64.914256441805
1132,-8.376674,-3.738786,4.262215,-0.006872,0.115148,-0.051465,32.54,65.0785868108095
1142,-8.377273,-3.744768,4.246662,-0.004123,0.097738,-0.063377,32.52,65.1656440221501
1152,-8.360522,-3.764508,4.229314,-0.000611,0.078649,-0.072998,32.52,65.2378128546474
1162,-8.344371,-3.767499,4.213761,0.004276,0.059254,-0.078343,32.54,65.2859690128587
1172,-8.298308,-3.796811,4.193422,0.010232,0.038637,-0.081856,32.54,65.3202819290348
1182,-8.277969,-3.808775,4.186243,0.022297,-0.001527,-0.081551,32.49,65.3253541523774
1192,-8.25464,-3.815954,4.174878,0.029016,-0.020769,-0.07758,32.5,65.34103508117
1202,-8.226524,-3.82732,4.185645,0.035736,-0.039401,-0.071166,32.5,65.235345875626
1212,-8.206783,-3.827918,4.191029,0.041844,-0.056963,-0.062919,32.55,65.1648401786195
1222,-8.199007,-3.839284,4.198207,0.047037,-0.072388,-0.052687,32.55,65.1220564797764
1232,-8.176873,-3.835695,4.208975,0.05116,-0.086285,-0.042913,32.52,65.0137201061106
1242,-8.175079,-3.845266,4.22393,0.054672,-0.098349,-0.032681,32.52,64.9417773577371
1252,-8.149954,-3.858427,4.243073,0.059254,-0.108734,-0.020922,32.51,64.8004230314964
1262,-8.146963,-3.860819,4.254438,0.06185,-0.115759,-0.010232,32.51,64.7372106798227
1272,-8.156534,-3.85065,4.281956,0.062461,-0.121715,-0.001374,32.52,64.6049433076323
1283,-8.151749,-3.866802,4.294518,0.063225,-0.125227,0.007178,32.52,64.5462267146638
1292,-8.147561,-3.849453,4.310072,0.062461,-0.127518,0.013134,32.49,64.4380380651801
1302,-8.149954,-3.849453,4.33041,0.061087,-0.128282,0.017868,32.49,64.3382612144699
1312,-8.162517,-3.856034,4.347759,0.058796,-0.128129,0.020769,32.51,64.283931159821
1322,-8.176275,-3.847061,4.355535,0.056963,-0.125991,0.023213,32.51,64.2652737274922
1332,-8.17807,-3.842275,4.383053,0.054214,-0.123242,0.022755,32.5,64.1228281507742
1342,-8.176275,-3.82732,4.425525,0.049786,-0.11973,0.01909,32.5,63.8852240096912
1352,-8.179267,-3.832105,4.453043,0.045051,-0.108581,0.009927,32.56,63.7565119295712
1362,-8.199007,-3.821338,4.4674,0.035277,-0.100335,0.002443,32.56,63.716844543367
1372,-8.188837,-3.814758,4.486543,0.028558,-0.090713,-0.007636,32.56,63.5891685129947
1382,-8.193025,-3.802195,4.492525,0.020769,-0.079412,-0.019548,32.54,63.5549513791827
1392,-8.190034,-3.789633,4.499703,0.012981,-0.067653,-0.031612,32.54,63.4982029006783
1402,-8.199007,-3.78066,4.512863,0.004429,-0.053909,-0.043524,32.55,63.4424538006194
1412,-8.189436,-3.767499,4.523632,-0.004429,-0.038485,-0.055589,32.55,63.3516684196703
1422,-8.182258,-3.772883,4.532604,-0.013592,-0.022755,-0.067195,32.54,63.2952423957333
1432,-8.166105,-3.759125,4.531408,-0.021991,-0.005651,-0.079107,32.54,63.2490764169094
1442,-8.161918,-3.755535,4.528417,-0.028863,0.010996,-0.088423,32.54,63.2506896859955
1452,-8.143373,-3.750151,4.52064,-0.034361,0.028711,-0.095753,32.54,63.2412702926153
1462,-8.134401,-3.726223,4.511667,-0.039706,0.045968,-0.100793,32.49,63.2403825167143
1472,-8.105088,-3.739982,4.488935,-0.041692,0.063072,-0.103542,32.49,63.302852286636
1482,-8.094321,-3.72383,4.479364,-0.041997,0.079718,-0.102778,32.49,63.309290457908
1492,-8.073383,-3.734,4.444668,-0.04047,0.094379,-0.099876,32.49,63.4497243046902
1502,-8.059027,-3.725027,4.427918,-0.036652,0.109192,-0.09331,32.5,63.4928983855606
1512,-8.041678,-3.720241,4.386044,-0.03146,0.122326,-0.08491,32.5,63.6641349168311
1522,-8.0345,-3.710072,4.365705,-0.022602,0.133169,-0.058185,32.55,63.7421979574192
1532,-8.036295,-3.724428,4.348955,-0.001985,0.150273,-0.04215,32.5,63.8490904401062
1542,-8.030313,-3.717848,4.329215,0.010385,0.155923,-0.02474,32.5,63.9311432108157
1552,-8.050652,-3.731009,4.307679,0.023518,0.159436,-0.007636,32.51,64.1047473402891
1562,-8.059027,-3.715455,4.298706,0.036652,0.161116,0.010537,32.51,64.1543811649864
1572,-8.07817,-3.718446,4.292724,0.048258,0.161879,0.027336,32.47,64.2327632947101
1582,-8.098508,-3.719045,4.290331,0.058796,0.160658,0.042302,32.47,64.2924118240063
1592,-8.133802,-3.713063,4.301099,0.069333,0.159894,0.056047,32.47,64.3105306867825
1602,-8.151151,-3.714259,4.282554,0.076969,0.156229,0.067348,32.47,64.4477004019067
1612,-8.194221,-3.715455,4.294518,0.082467,0.152258,0.075595,32.55,64.484091063945
1622,-8.233105,-3.714259,4.292126,0.08491,0.147219,0.080023,32.55,64.5826834966187
1632,-8.260622,-3.711866,4.28734,0.086743,0.140499,0.082467,32.52,64.6665721649128
1642,-8.286943,-3.722634,4.295715,0.086896,0.131336,0.08094,32.52,64.6927525856996
1652,-8.317451,-3.719045,4.295715,0.084758,0.121257,0.076969,32.5,64.7568761154233
1662,-8.35155,-3.733402,4.304688,0.081092,0.109956,0.067501,32.5,64.800276635387
1672,-8.368299,-3.734,4.295715,0.076053,0.097738,0.057421,32.47,64.8836926847332
1682,-8.39821,-3.739982,4.298706,0.06918,0.082772,0.04444,32.47,64.939706217257
1692,-8.422137,-3.751348,4.288536,0.062308,0.068111,0.029474,32.53,65.0548196134115
1702,-8.422137,-3.760919,4.284349,0.047495,0.035888,-0.00336,32.53,65.0854700503145
1712,-8.422735,-3.765705,4.28076,0.040012,0.018937,-0.019853,32.48,65.109735409035
1722,-8.421539,-3.77408,4.288536,0.033292,0.001374,-0.037263,32.52,65.0755421953755
1732,-8.402397,-3.788436,4.284349,0.026725,-0.016799,-0.052534,32.52,65.0694528165635
1742,-8.38804,-3.787838,4.279563,0.020769,-0.03375,-0.066737,32.54,65.0622282814139
1752,-8.374879,-3.793222,4.275376,0.016493,-0.049938,-0.079412,32.54,65.0603972277029
1762,-8.334201,-3.796811,4.269393,0.013134,-0.065515,-0.089644,32.5,65.0061568384621
1772,-8.318647,-3.816552,4.271188,0.010385,-0.079718,-0.097586,32.5,64.9826955325354
1782,-8.194819,-4.735396,4.465007,0.010385,-0.092393,-0.104611,32.5,64.7440460099891
1792,-8.039885,-5.161917,4.536791,0.055283,-0.109956,-0.151495,32.5,64.5996885409519
1802,-8.231908,-3.809374,4.25384,0.092393,-0.116828,-0.179747,32.53,64.8748085502078
1812,-8.16132,-3.748955,4.229314,0.097128,-0.129503,-0.172722,32.53,64.7838845138946
1822,-8.148159,-3.869194,4.268198,0.101556,-0.140499,-0.16249,32.53,64.6772052499945
1832,-8.079366,-3.803392,4.25384,0.109956,-0.149815,-0.145997,32.53,64.5286123388023
1842,-8.065607,-3.766303,4.26401,0.118661,-0.155465,-0.126296,32.52,64.4049079098875
1852,-8.022536,-3.815356,4.277769,0.125991,-0.158825,-0.10568,32.52,64.2874865663339
1862,-8.001,-3.743571,4.303492,0.133932,-0.157298,-0.082009,32.51,64.0255905259311
1872,-7.984849,-3.769294,4.336392,0.142026,-0.149662,-0.033139,32.51,63.8439448861361
1882,-7.97109,-3.744768,4.351348,0.155465,-0.14111,-0.008858,32.52,63.7067725339756
1892,-7.975278,-3.720241,4.386044,0.161421,-0.129809,0.013134,32.51,63.5084633316005
1902,-7.975278,-3.722036,4.411169,0.165086,-0.116828,0.032529,32.51,63.379560047926
1912,-8.00818,-3.7005,4.435695,0.168141,-0.101709,0.04948,32.52,63.3063356448377
1922,-8.01476,-3.675375,4.46082,0.169515,-0.085368,0.062919,32.52,63.1643831161882
1932,-8.04467,-3.676572,4.496712,0.169668,-0.066737,0.07086,32.5,63.0516400314634
1942,-8.05783,-3.659822,4.516453,0.168446,-0.047953,0.075747,32.5,62.9633110375689
1952,-8.07458,-3.646064,4.546961,0.16417,-0.027336,0.075595,32.51,62.8320252214083
1962,-8.107481,-3.635894,4.575675,0.158825,-0.005651,0.069791,32.51,62.7531866958283
1972,-8.132606,-3.631108,4.592425,0.152411,0.017257,0.059865,32.53,62.7229579343053
1982,-8.146365,-3.597609,4.614559,0.143859,0.040775,0.046884,32.53,62.6079072385739
1992,-8.175079,-3.609573,4.63729,0.134848,0.065821,0.029932,32.54,62.5744789861332
2002,-8.190632,-3.601198,4.65404,0.12538,0.090561,0.008858,32.54,62.5184222856413
2012,-8.212168,-3.588037,4.657629,0.113774,0.116064,-0.01405,32.54,62.5381650082551
2022,-8.224131,-3.586243,4.668995,0.101098,0.141263,-0.039554,32.54,62.5078008559019
2032,-8.235497,-3.588636,4.659424,0.089186,0.166919,-0.065973,32.52,62.5856004332356
2042,-8.247462,-3.586243,4.652246,0.076816,0.191659,-0.115912,32.52,62.647750468652
2052,-8.23789,-3.58385,4.615157,0.054672,0.238696,-0.140041,32.53,62.8092644468362
2062,-8.240283,-3.585046,4.604987,0.045662,0.260687,-0.161727,32.53,62.8675208209959
2072,-8.230712,-3.604787,4.575675,0.03879,0.280082,-0.180816,32.53,63.0134826829281
2082,-8.228917,-3.611966,4.51406,0.033292,0.295812,-0.197462,32.56,63.3294998293899
2092,-8.239087,-3.619144,4.499703,0.029627,0.30864,-0.209527,32.56,63.4337389366373
2102,-8.181061,-3.61077,4.412365,0.027794,0.31933,-0.217621,32.54,63.7374441704831
2112,-8.225328,-3.680759,4.424927,0.028863,0.324675,-0.22266,32.54,63.8470885809561
2122,-8.203793,-3.645465,4.348357,0.03146,0.32666,-0.222966,32.54,64.1556905897235
2132,-8.21157,-3.675375,4.311867,0.035736,0.323148,-0.221439,32.54,64.3925774787722
2142,-8.199007,-3.68734,4.267599,0.041386,0.317039,-0.21365,32.53,64.6060813714845
2152,-8.218149,-3.716054,4.246662,0.049327,0.306196,-0.205251,32.53,64.7868901254063
2162,-8.194221,-3.71067,4.183851,0.056963,0.291077,-0.193797,32.51,65.0559964006026
2172,-8.221739,-3.75075,4.177869,0.064752,0.273209,-0.181274,32.51,65.1882646858943
2182,-8.213365,-3.744169,4.135396,0.074526,0.252287,-0.165697,32.5,65.3856765260242
2192,-8.23789,-3.777071,4.112664,0.083078,0.228158,-0.150426,32.5,65.5909458724001
2203,-8.23131,-3.785445,4.082754,0.093462,0.200517,-0.134848,32.55,65.7420610533963
2212,-8.239684,-3.809972,4.073781,0.103694,0.172264,-0.119271,32.55,65.8314574565383
2222,-8.256434,-3.833302,4.076173,0.121868,0.111788,-0.089644,32.56,65.8777338165581
2232,-8.268997,-3.838088,4.082156,0.131031,0.081551,-0.074831,32.49,65.8778487205684
2242,-8.282756,-3.855436,4.088736,0.138361,0.051771,-0.064141,32.49,65.8897674764118
2252,-8.280961,-3.852444,4.115057,0.14447,0.024129,-0.054214,32.52,65.7456035568219
2262,-8.294122,-3.866802,4.14078,0.148288,0.000153,-0.046426,32.52,65.6539853689503
2272,-8.286345,-3.871587,4.16411,0.150731,-0.021838,-0.040623,32.5,65.5209939392374
2282,-8.295916,-3.884149,4.193422,0.150426,-0.04047,-0.038026,32.5,65.4022457763487
2292,-8.29472,-3.881757,4.224528,0.149051,-0.055589,-0.036957,32.5,65.2366088819616
2302,-8.295916,-3.896114,4.24726,0.145386,-0.069639,-0.038332,32.5,65.1365812460309
2312,-8.300103,-3.887738,4.272983,0.140652,-0.080481,-0.041692,32.5,65.0049060414194
2322,-8.290532,-3.896712,4.299902,0.135307,-0.089644,-0.04612,32.5,64.8551591247021
2332,-8.300702,-3.892524,4.308876,0.129962,-0.096059,-0.051924,32.48,64.8270593315033
2342,-8.282756,-3.888935,4.334,0.123853,-0.101862,-0.057879,32.48,64.6556105875536
2352,-8.280362,-3.888337,4.346562,0.11973,-0.105832,-0.06521,32.55,64.5855220357956
2362,-8.261818,-3.894319,4.368098,0.11301,-0.108887,-0.073151,32.55,64.4408722016549
2372,-8.246264,-3.890131,4.376472,0.10797,-0.110108,-0.081245,32.51,64.3593232238882
2382,-8.231908,-3.901497,4.408178,0.102473,-0.109192,-0.089034,32.51,64.1776024713108
2392,-8.208578,-3.885944,4.41416,0.098349,-0.102473,-0.102931,32.54,64.0784836898871
2402,-8.182258,-3.881757,4.426722,0.090713,-0.096669,-0.109956,32.56,63.9507143930273
2412,-8.180463,-3.891328,4.441677,0.087048,-0.088575,-0.113774,32.56,63.8806115160364
2422,-8.148159,-3.872185,4.441677,0.084758,-0.079107,-0.118661,32.53,63.7868095489473
2432,-8.114061,-3.862016,4.436892,0.083536,-0.067042,-0.120799,32.53,63.722562102858
2442,-8.095517,-3.862016,4.443472,0.082925,-0.055283,-0.121868,32.5,63.6463685084127
2452,-8.090134,-3.868596,4.441677,0.083689,-0.04047,-0.120188,32.5,63.6504397443737
2462,-8.066205,-3.854239,4.43749,0.085979,-0.026878,-0.116828,32.54,63.6011922880984
2472,-8.065607,-3.838088,4.4339,0.088117,-0.013439,-0.112705,32.54,63.6005306911558
2482,-8.044072,-3.835695,4.41416,0.09163,0.000916,-0.106443,32.51,63.649958887449
2492,-8.047661,-3.826123,4.408178,0.096364,0.012981,-0.099876,32.51,63.6786154406773
2522,-8.044072,-3.788436,4.372285,0.115759,0.043982,-0.074067,32.5,63.8150006108445
2532,-8.056634,-3.789035,4.382454,0.122784,0.051924,-0.064294,32.5,63.7919208309667
2562,-8.090134,-3.749553,4.360919,0.14279,0.069639,-0.026573,32.52,63.9382491137513
2572,-8.102695,-3.74716,4.366303,0.153022,0.07758,-0.018326,32.54,63.9366903513095
2592,-8.115856,-3.724428,4.378866,0.16081,0.084452,-0.005956,32.52,63.8778564559499
2602,-8.138588,-3.70409,4.392026,0.163559,0.08827,-0.000305,32.52,63.8408476105949
2612,-8.137392,-3.7005,4.396214,0.16417,0.092699,0.003512,32.51,63.8126973639034
2622,-8.154141,-3.698107,4.400401,0.164781,0.096669,0.006261,32.51,63.8272622137614
2632,-8.17149,-3.692126,4.418347,0.163559,0.101098,0.008094,32.5,63.7686694698719
2642,-8.179864,-3.696313,4.426124,0.16249,0.106901,0.009316,32.5,63.752404268878
2652,-8.188239,-3.68375,4.43749,0.159741,0.112552,0.00733,32.49,63.700338194882
2662,-8.196015,-3.675974,4.447061,0.155923,0.119882,0.006261,32.49,63.6611856122998
2672,-8.213365,-3.678366,4.456632,0.152564,0.127824,0.004276,32.52,63.6548026656994
2682,-8.210373,-3.680759,4.461418,0.148746,0.13607,0.001069,32.52,63.6258988626127
2692,-8.213365,-3.677768,4.463212,0.143859,0.145691,-0.003054,32.54,63.6205510548678
2702,-8.213365,-3.683152,4.45065,0.139125,0.154396,-0.006872,32.54,63.6903460216983
2712,-8.240283,-3.683152,4.445865,0.133932,0.163254,-0.011454,32.5,63.7767809690176
2722,-8.238488,-3.693322,4.451847,0.130114,0.170584,-0.016035,32.5,63.75256677364
2732,-8.22772,-3.694518,4.405785,0.12706,0.176845,-0.021686,32.52,63.9648172025725
2742,-8.250452,-3.702893,4.399803,0.122631,0.185856,-0.030543,32.52,64.0558751943278
2752,-8.250452,-3.714857,4.374678,0.121562,0.186772,-0.037263,32.52,64.1969104493567
2762,-8.252846,-3.726223,4.366901,0.121409,0.186467,-0.043524,32.53,64.2538189529613
2772,-8.258228,-3.719045,4.357928,0.121257,0.185856,-0.047953,32.53,64.3047346410986
2782,-8.274979,-3.745365,4.329215,0.121715,0.183107,-0.053909,32.53,64.5164986627866
2792,-8.246863,-3.739383,4.319045,0.121562,0.179594,-0.059101,32.53,64.4999336930163
2802,-8.258228,-3.74058,4.307081,0.120951,0.173638,-0.063683,32.52,64.5882306299056
2812,-8.262416,-3.753142,4.299304,0.120646,0.166766,-0.069486,32.52,64.6503546671541
2822,-8.276773,-3.751348,4.291527,0.119882,0.159283,-0.074373,32.54,64.7205281935694
2832,-8.275578,-3.76391,4.271787,0.118202,0.150731,-0.081092,32.54,64.8323410602051
2842,-8.285149,-3.761517,4.262814,0.11637,0.140346,-0.087659,32.53,64.8973784041259
2852,-8.270193,-3.763312,4.258626,0.113468,0.128434,-0.092546,32.53,64.8878503534591
2862,-8.285149,-3.77049,4.239483,0.110108,0.115148,-0.098807,32.5,65.0269161629016
2872,-8.28156,-3.772883,4.231109,0.107512,0.10064,-0.104,32.5,65.0647711912189
2882,-8.280362,-3.78066,4.226922,0.104458,0.084452,-0.108429,32.54,65.0915901232038
2892,-8.294122,-3.781258,4.217948,0.100793,0.067195,-0.113621,32.54,65.1686935660579
2912,-8.291131,-3.78066,4.208975,0.095448,0.007941,-0.126449,32.54,65.2080591792037
2922,-8.280362,-3.785445,4.222135,0.090408,-0.012065,-0.129503,32.52,65.1211583738095
2932,-8.280362,-3.772883,4.232903,0.089186,-0.031307,-0.131641,32.5,65.0528596790932
2942,-8.2678,-3.777669,4.252644,0.087659,-0.049327,-0.134085,32.5,64.9279318837947
2952,-8.246863,-3.772285,4.267001,0.086743,-0.064599,-0.134696,32.5,64.8020379363296
2962,-8.248658,-3.77049,4.275974,0.085368,-0.078038,-0.134848,32.5,64.7577993430983
2972,-8.227122,-3.766303,4.296313,0.083689,-0.089644,-0.135918,32.5,64.60054429302
2982,-8.219944,-3.776472,4.314857,0.082009,-0.098349,-0.136528,32.5,64.4991746732721
2992,-8.215756,-3.758526,4.345964,0.081245,-0.101556,-0.135765,32.53,64.3109503128567
3002,-8.199606,-3.751348,4.365107,0.080176,-0.102167,-0.134238,32.53,64.1684736261836
3012,-8.168499,-3.755535,4.386044,0.078191,-0.100182,-0.133474,32.55,63.9943249866479
3022,-8.165507,-3.744169,4.399803,0.077733,-0.094379,-0.131641,32.55,63.9047517731534
3032,-8.152347,-3.749553,4.415356,0.07758,-0.086132,-0.129045,32.53,63.8002539981607
3042,-8.136793,-3.745365,4.429713,0.076205,-0.076053,-0.126602,32.53,63.686192560646
3062,-8.109874,-3.739383,4.451249,0.078038,-0.049633,-0.119424,32.52,63.5067422023853
3072,-8.108678,-3.748357,4.456632,0.077885,-0.034667,-0.115912,32.57,63.4859424720195
3082,-8.098508,-3.741776,4.467998,0.07926,-0.002749,-0.106749,32.57,63.3967938307637
3092,-8.097312,-3.744169,4.456632,0.083078,0.013286,-0.102167,32.53,63.4549733771966
3102,-8.100304,-3.748955,4.459025,0.086132,0.028253,-0.09728,32.52,63.4548059559376
3142,-8.109874,-3.765106,4.404588,0.104458,0.072235,-0.073609,32.5,63.7744996517602
3152,-8.117651,-3.764508,4.384848,0.110108,0.078649,-0.067195,32.5,63.8936042828275
3172,-8.127223,-3.77049,4.374678,0.121257,0.087812,-0.055589,32.51,63.9744086831694
3182,-8.134999,-3.778865,4.361517,0.125991,0.090713,-0.050702,32.51,64.0690118393264
3192,-8.149954,-3.772285,4.370491,0.130725,0.092699,-0.043982,32.51,64.0498052124149
3202,-8.163115,-3.781856,4.359125,0.135459,0.093462,-0.039248,32.5,64.1484169947263
3212,-8.150552,-3.790231,4.356732,0.140041,0.093615,-0.033903,32.5,64.1410874718509
3222,-8.162517,-3.79382,4.350152,0.143401,0.092546,-0.029932,32.53,64.2059260691704
3232,-8.166704,-3.802195,4.341777,0.145844,0.091324,-0.025198,32.53,64.2674010734132
3242,-8.181061,-3.807579,4.348955,0.148135,0.08995,-0.021991,32.5,64.2683818580911
3252,-8.184649,-3.809374,4.350152,0.150426,0.087201,-0.018937,32.5,64.2721714971111
3262,-8.202596,-3.806383,4.349553,0.154549,0.080176,-0.016799,32.53,64.3124690543484
3272,-8.205587,-3.816552,4.359125,0.15516,0.076969,-0.016035,32.51,64.2805665019183
3282,-8.206783,-3.813561,4.347161,0.156534,0.074526,-0.016799,32.51,64.3416439911586
3292,-8.209177,-3.818945,4.365705,0.156687,0.071624,-0.017104,32.5,64.2573238122507
3302,-8.216354,-3.818347,4.377071,0.156382,0.069028,-0.020159,32.5,64.2144984679005
3312,-8.213365,-3.808177,4.381258,0.155771,0.068417,-0.022449,32.52,64.1756916885609
3322,-8.218747,-3.82074,4.399205,0.154396,0.069639,-0.027184,32.52,64.1090174652249
3332,-8.222935,-3.815356,4.41416,0.152869,0.071013,-0.032681,32.52,64.0363612424672
3343,-8.214561,-3.808177,4.421339,0.150578,0.07422,-0.038026,32.52,63.9732285856055
3352,-8.202596,-3.812963,4.426722,0.147066,0.078954,-0.04383,32.5,63.9236459880545
3362,-8.216354,-3.811767,4.431507,0.143553,0.084605,-0.050244,32.5,63.9291329241795
3372,-8.2014,-3.809972,4.45065,0.138208,0.092241,-0.057574,32.52,63.7956096800139
3382,-8.206185,-3.805186,4.454239,0.133779,0.10064,-0.062614,32.52,63.783146191774
3392,-8.206783,-3.79382,4.458427,0.127824,0.110414,-0.068111,32.53,63.7511639348977
3402,-8.212168,-3.786044,4.449454,0.121715,0.119577,-0.074984,32.53,63.8010139746592
3412,-8.194221,-3.777071,4.441677,0.115454,0.129809,-0.080023,32.51,63.7903256220369
3422,-8.179864,-3.787838,4.424927,0.110261,0.138208,-0.083689,32.51,63.8546064061699
3432,-8.186445,-3.784249,4.412365,0.099876,0.1518,-0.090103,32.54,63.9301870630853
3442,-8.190632,-3.772883,4.392026,0.095448,0.156687,-0.091477,32.55,64.0321353741797
3452,-8.19123,-3.766901,4.368696,0.09163,0.160199,-0.091935,32.55,64.1471858990572
3462,-8.199606,-3.762115,4.351946,0.088117,0.16081,-0.092241,32.53,64.2474133683468
3472,-8.18764,-3.76391,4.338188,0.08491,0.15913,-0.090866,32.53,64.2932009399611
3482,-8.193025,-3.759723,4.307081,0.083383,0.154854,-0.087659,32.5,64.4617679932412
3492,-8.200802,-3.756134,4.292126,0.082314,0.147982,-0.084147,32.5,64.5529484161521
3512,-8.203195,-3.742374,4.248456,0.083994,0.12874,-0.073609,32.54,64.7708721142377
3522,-8.218149,-3.73041,4.244868,0.085674,0.115454,-0.068722,32.52,64.8107122608969
3532,-8.212766,-3.738187,4.236493,0.087506,0.101404,-0.063225,32.52,64.8501560232649
3542,-8.218149,-3.718446,4.234099,0.090561,0.086896,-0.058338,32.52,64.8546594523223
3562,-8.219944,-3.708875,4.235296,0.095753,0.059101,-0.047342,32.5,64.8427951031432
3572,-8.219346,-3.705286,4.231707,0.098655,0.047342,-0.042302,32.5,64.8565418881055
3582,-8.230712,-3.706482,4.255635,0.100945,0.035277,-0.039095,32.51,64.7586587849223
3592,-8.233105,-3.690929,4.27059,0.103389,0.024129,-0.037568,32.51,64.670757017646
3602,-8.22772,-3.680759,4.289135,0.105985,0.00672,-0.036957,32.52,64.5522674654096
3612,-8.240283,-3.678366,4.28734,0.110414,-0.000458,-0.038179,32.54,64.587421256883
3622,-8.244471,-3.679563,4.298108,0.112857,-0.007178,-0.041692,32.54,64.5422939304667
3632,-8.251051,-3.678965,4.309474,0.115301,-0.011912,-0.045204,32.55,64.4977358331158
3642,-8.250452,-3.681956,4.328616,0.116675,-0.017104,-0.051618,32.55,64.4005789333808
3652,-8.260024,-3.675974,4.335794,0.118661,-0.019548,-0.056352,32.5,64.3791632153668
3662,-8.263614,-3.671188,4.35075,0.120799,-0.022755,-0.064752,32.5,64.3054620811592
3672,-8.265409,-3.674777,4.35075,0.121409,-0.025045,-0.072082,32.51,64.3131291305727
3682,-8.258228,-3.678965,4.362714,0.122631,-0.026878,-0.080023,32.51,64.2395716550569
3692,-8.265409,-3.662215,4.374678,0.123547,-0.027947,-0.088575,32.5,64.1775103604859
3702,-8.260024,-3.677171,4.377669,0.122937,-0.027947,-0.098197,32.5,64.165009235279
3712,-8.258827,-3.688536,4.382454,0.122631,-0.027336,-0.10568,32.46,64.1492401338769
3722,-8.257033,-3.687938,4.391428,0.120799,-0.025962,-0.113926,32.46,64.0985356277369
3732,-8.245667,-3.684947,4.396214,0.120493,-0.023366,-0.120951,32.52,64.045081161345
3742,-8.228318,-3.693322,4.411169,0.119271,-0.020769,-0.126907,32.52,63.9373497953289
3752,-8.224131,-3.714259,4.400999,0.117592,-0.018173,-0.131489,32.5,64.0014653204591
3762,-8.206783,-3.729214,4.402196,0.115148,-0.015119,-0.134848,32.5,63.9712086994942
3772,-8.182258,-3.738187,4.401597,0.113316,-0.011454,-0.135612,32.54,63.9275991805539
3782,-8.17807,-3.738786,4.409374,0.11133,-0.004276,-0.133627,32.55,63.8786834480836
3792,-8.152946,-3.760919,4.406981,0.110719,-0.000458,-0.130878,32.55,63.8567039330106
3802,-8.146365,-3.768098,4.396214,0.109498,0.002596,-0.126602,32.51,63.9046271946787
3812,-8.139186,-3.790231,4.39083,0.109498,0.005956,-0.119882,32.51,63.9394207390702
3822,-8.133204,-3.79382,4.393821,0.110108,0.010385,-0.114079,32.55,63.9141750627914
3832,-8.123035,-3.799204,4.386044,0.110567,0.013286,-0.107207,32.55,63.9367620195177
3842,-8.124829,-3.822534,4.384848,0.110108,0.016646,-0.099571,32.54,63.9719744821011
3852,-8.117651,-3.824927,4.392026,0.111177,0.020006,-0.092241,32.54,63.9212072127588
3862,-8.120044,-3.825525,4.392624,0.112094,0.023976,-0.082925,32.5,63.9242262801993
3872,-8.111669,-3.833302,4.387838,0.113926,0.028405,-0.075289,32.5,63.9381570101661
3882,-8.112864,-3.838088,4.391428,0.114537,0.031001,-0.069028,32.54,63.9275396597554
3892,-8.109276,-3.850052,4.400401,0.115912,0.036957,-0.062003,32.54,63.8860867407515
3902,-8.100902,-3.843472,4.404588,0.116217,0.04215,-0.0562,32.54,63.8383035395969
3912,-8.097312,-3.854239,4.412963,0.117439,0.047953,-0.051313,32.54,63.7986970224046
3922,-8.115258,-3.857828,4.420142,0.118355,0.05452,-0.047953,32.53,63.8066769295501
3932,-8.116454,-3.865007,4.421937,0.117897,0.062461,-0.04444,32.53,63.8079778891515
3942,-8.120642,-3.852444,4.443472,0.118355,0.071929,-0.042302,32.55,63.6934911751869
3952,-8.130812,-3.851248,4.452445,0.115912,0.091783,-0.042455,32.55,63.6695295196968
3962,-8.124829,-3.836293,4.461418,0.113774,0.103236,-0.044135,32.53,63.593698547422
3972,-8.13799,-3.839284,4.461418,0.111636,0.114385,-0.046578,32.5,63.6271340610993
3982,-8.141579,-3.823731,4.465007,0.109345,0.125991,-0.049786,32.5,63.6002299084536
3992,-8.158927,-3.824927,4.454239,0.106901,0.136681,-0.053909,32.53,63.6962980867502
4002,-8.158927,-3.823133,4.456034,0.104916,0.147982,-0.057879,32.53,63.6852029216833
4012,-8.168499,-3.829114,4.451847,0.102167,0.157298,-0.064141,32.54,63.7348694983153
4022,-8.179267,-3.818945,4.432704,0.099571,0.166461,-0.068875,32.54,63.8464003574955
4032,-8.197212,-3.814159,4.429713,0.096517,0.174097,-0.074526,32.48,63.8974066808042
4042,-8.195418,-3.799204,4.424927,0.094226,0.180511,-0.080176,32.48,63.9020226067326
4052,-8.213962,-3.794419,4.403392,0.091477,0.185092,-0.085368,32.54,64.0492599326447
4062,-8.216953,-3.785445,4.393223,0.089797,0.188299,-0.089339,32.54,64.09875035932
4072,-8.223534,-3.78066,4.382454,0.08827,0.189215,-0.093768,32.54,64.1638445401892
4082,-8.221739,-3.77049,4.368098,0.086896,0.18891,-0.096822,32.54,64.2229434814612
4092,-8.235497,-3.766303,4.351946,0.085674,0.186619,-0.099266,32.52,64.3325835926839
4102,-8.230712,-3.753142,4.336991,0.084605,0.182496,-0.101556,32.52,64.3852759671238
4112,-8.234302,-3.752544,4.298706,0.084147,0.176693,-0.101709,32.57,64.5901793927871
4122,-8.235497,-3.745365,4.28734,0.084299,0.161574,-0.099113,32.57,64.6443000956324
4132,-8.240283,-3.733402,4.267001,0.085979,0.151342,-0.096517,32.52,64.7481435884514
4142,-8.231908,-3.741179,4.252644,0.087965,0.139277,-0.09331,32.55,64.8118054086882
4152,-8.224131,-3.736991,4.236493,0.090866,0.126907,-0.088575,32.55,64.87419565114
4182,-8.225926,-3.722634,4.204189,0.10232,0.083994,-0.071777,32.53,65.0319558179328
4192,-8.219346,-3.712464,4.189833,0.106749,0.068111,-0.065057,32.53,65.0821671318592
4202,-8.230712,-3.713063,4.173083,0.112399,0.052076,-0.058948,32.54,65.1954047406066
4212,-8.227122,-3.713661,4.197011,0.118813,0.036499,-0.051313,32.54,65.0630787476157
4222,-8.226524,-3.714857,4.193422,0.125075,0.021075,-0.043982,32.49,65.0816849580292
4232,-8.222935,-3.713063,4.201199,0.131183,0.005498,-0.036805,32.49,65.0313568177457
4242,-8.221739,-3.709473,4.201797,0.137445,-0.009927,-0.030543,32.5,65.0219958587471
4252,-8.213962,-3.714857,4.215555,0.143401,-0.023824,-0.023671,32.5,64.9383535761409
4262,-8.222935,-3.705884,4.23051,0.149662,-0.036805,-0.016341,32.5,64.8713698339827
4272,-8.210373,-3.704688,4.254438,0.155465,-0.048717,-0.010232,32.5,64.7175999092057
4282,-8.213365,-3.715455,4.283153,0.160505,-0.057879,-0.005498,32.51,64.586096694765
4292,-8.207382,-3.720241,4.308277,0.165086,-0.064599,0.003512,32.51,64.4473646234828
4302,-8.208578,-3.71725,4.33041,0.170126,-0.073762,0.006567,32.51,64.3325691944485
4312,-8.210971,-3.729812,4.365705,0.171348,-0.074067,0.007178,32.56,64.1689037072669
4322,-8.210971,-3.734,4.385446,0.170737,-0.07254,0.006261,32.56,64.0717122783617
4332,-8.216953,-3.734,4.414758,0.168904,-0.06857,0.004887,32.51,63.9349634120824
4342,-8.209177,-3.732804,4.427918,0.166613,-0.063988,0.001374,32.51,63.84856452228
4352,-8.221739,-3.741179,4.446463,0.16249,-0.055131,-0.002902,32.5,63.7912090314708
4362,-8.222935,-3.734,4.4674,0.157145,-0.045509,-0.009468,32.5,63.6796624645085
4372,-8.22473,-3.736991,4.481159,0.149967,-0.034667,-0.016493,32.54,63.6168255718323
4382,-8.226524,-3.737589,4.491926,0.142026,-0.022602,-0.025962,32.54,63.566802885307
4392,-8.244471,-3.753741,4.499105,0.133321,-0.010232,-0.035888,32.51,63.5884457048101
4402,-8.225328,-3.74716,4.510471,0.12538,0.003207,-0.047189,32.51,63.4798715405171
4412,-8.238488,-3.752544,4.511069,0.115912,0.016952,-0.060476,32.5,63.5127772810185
4422,-8.233703,-3.768098,4.499703,0.106901,0.029016,-0.072082,32.5,63.5757474218575
4432,-8.22772,-3.771687,4.494319,0.097738,0.040928,-0.085063,32.55,63.5931305074991
4442,-8.219944,-3.767499,4.485346,0.088117,0.05116,-0.098197,32.55,63.6164996661353
4452,-8.225328,-3.769892,4.469195,0.080329,0.061239,-0.110414,32.53,63.7135102145888
4462,-8.204989,-3.776472,4.436892,0.073609,0.069639,-0.121409,32.53,63.8387317497868
4472,-8.194819,-3.786044,4.42732,0.061545,0.081856,-0.139888,32.51,63.8745577704512
4482,-8.2014,-3.785445,4.406981,0.057574,0.084758,-0.147371,32.51,63.9930269355204
4492,-8.178668,-3.78724,4.387838,0.055741,0.087354,-0.152564,32.51,64.0415383076482
4502,-8.173882,-3.784847,4.368098,0.054672,0.08827,-0.15684,32.55,64.1297198483488
4512,-8.161918,-3.787838,4.363312,0.055131,0.088423,-0.15852,32.55,64.1304020667507
4522,-8.155936,-3.795017,4.348357,0.056658,0.088423,-0.156992,32.56,64.2015632521583
4532,-8.145766,-3.790231,4.34058,0.05849,0.087506,-0.156687,32.56,64.2136807962821
4542,-8.145168,-3.787838,4.332804,0.060934,0.086437,-0.153022,32.54,64.2500278600416
4552,-8.134999,-3.783651,4.325625,0.065363,0.084605,-0.14844,32.54,64.2597679317098
4562,-8.12124,-3.779463,4.328616,0.06918,0.083689,-0.140499,32.55,64.2086312693913
4572,-8.118249,-3.781856,4.324429,0.074526,0.083994,-0.132558,32.55,64.2260852810107
4582,-8.110473,-3.777669,4.334,0.078802,0.083536,-0.124617,32.52,64.1543177956589
4592,-8.116454,-3.78066,4.341179,0.082925,0.082925,-0.116828,32.52,64.1338956823828
4602,-8.109874,-3.771089,4.350152,0.086437,0.084452,-0.108429,32.52,64.0622385873317
4612,-8.13141,-3.763312,4.349553,0.090103,0.087659,-0.09896,32.52,64.1062586436086
4622,-8.132606,-3.761517,4.356134,0.09331,0.090561,-0.090255,32.5,64.0730454064141
4632,-8.156534,-3.745365,4.380062,0.094837,0.092852,-0.082009,32.5,63.987139615037
4642,-8.152946,-3.745365,4.383651,0.096059,0.101862,-0.067959,32.52,63.9604279710511
4652,-8.167302,-3.74058,4.398606,0.096975,0.107207,-0.060934,32.53,63.9112538520789
4662,-8.170892,-3.738187,4.398008,0.096211,0.111788,-0.05681,32.53,63.9200427810511
4672,-8.193025,-3.746562,4.393223,0.094837,0.117744,-0.052687,32.52,64.0039465366171
4682,-8.193025,-3.736991,4.396811,0.093768,0.122478,-0.048411,32.52,63.9755435187005
4692,-8.193623,-3.741776,4.39083,0.091935,0.126907,-0.046426,32.52,64.0126224885088
4702,-8.200802,-3.751348,4.39083,0.090255,0.131336,-0.045509,32.52,64.0389247194328
4712,-8.221739,-3.742374,4.378866,0.088881,0.134543,-0.044135,32.53,64.1386010077024
4722,-8.236095,-3.745365,4.36391,0.08827,0.135612,-0.043371,32.53,64.2509569442559
4732,-8.233703,-3.742973,4.341179,0.087965,0.136223,-0.04444,32.51,64.3600260506119
4742,-8.23131,-3.751348,4.329215,0.088423,0.134238,-0.044135,32.51,64.424842649118
4752,-8.243872,-3.755535,4.31067,0.08995,0.130267,-0.045204,32.56,64.5528417439805
4762,-8.24148,-3.765106,4.296911,0.092393,0.124769,-0.046884,32.56,64.6282374823581
4772,-8.257631,-3.750151,4.280162,0.096669,0.117286,-0.048411,32.54,64.7355052836916
4782,-8.255836,-3.771089,4.258626,0.100793,0.107207,-0.049786,32.54,64.8639917182582
4792,-8.2678,-3.768696,4.252644,0.106291,0.095906,-0.049938,32.52,64.9189157991431
4802,-8.258228,-3.776472,4.215555,0.112857,0.084299,-0.050244,32.52,65.0978721387166
4812,-8.25464,-3.786044,4.218546,0.117744,0.070097,-0.05116,32.53,65.0840922479069
4822,-8.252846,-3.790231,4.209573,0.131641,0.040012,-0.051007,32.55,65.1309529475413
4832,-8.240881,-3.789633,4.219743,0.138056,0.024282,-0.051007,32.55,65.05132003459
4842,-8.246863,-3.8004,4.208377,0.144928,0.008094,-0.049022,32.51,65.1343111359729
4852,-8.235497,-3.790231,4.223332,0.150578,-0.006872,-0.047953,32.51,65.0214623163226
4862,-8.242078,-3.792624,4.238287,0.155312,-0.021228,-0.046884,32.54,64.9607604957113
4872,-8.22772,-3.792624,4.25384,0.160047,-0.034056,-0.046731,32.54,64.8484961177084
4882,-8.218149,-3.789633,4.271188,0.16249,-0.045815,-0.045204,32.46,64.7343894695388
4892,-8.209774,-3.790231,4.298108,0.163254,-0.055436,-0.043982,32.46,64.577108384898
4902,-8.208578,-3.792624,4.31725,0.163712,-0.062766,-0.041386,32.49,64.4780501832049
4912,-8.194819,-3.792624,4.342375,0.163254,-0.06689,-0.039554,32.49,64.3176289473384
4922,-8.190632,-3.791427,4.363312,0.159436,-0.068264,-0.040012,32.51,64.1991317503467
4932,-8.178668,-3.789035,4.389035,0.156382,-0.067806,-0.039706,32.51,64.0372748101335
4942,-8.186445,-3.777669,4.408776,0.151036,-0.064599,-0.040164,32.59,63.9416698193518
4952,-8.167302,-3.781856,4.430909,0.144775,-0.05849,-0.040012,32.59,63.7889227727488
4962,-8.17149,-3.771687,4.451847,0.138514,-0.049938,-0.040164,32.53,63.6805559074361
4972,-8.169096,-3.777669,4.49073,0.130267,-0.039859,-0.041692,32.53,63.4828740870577
4982,-8.166704,-3.77049,4.491328,0.123089,-0.027184,-0.042608,32.54,63.4666384860526
4992,-8.14457,-3.760321,4.504489,0.105527,0.000764,-0.047189,32.54,63.3373220391752
5002,-8.152946,-3.769892,4.499703,0.096975,0.016493,-0.049938,32.54,63.3914476371075
5012,-8.153543,-3.754339,4.503293,0.089644,0.031765,-0.050855,32.51,63.357868969435
5022,-8.155338,-3.753142,4.503891,0.082467,0.047342,-0.054214,32.51,63.3577104176022
5032,-8.149356,-3.753741,4.500899,0.076358,0.062919,-0.057574,32.52,63.3597085416931
5042,-8.149954,-3.756732,4.480561,0.07086,0.077885,-0.060018,32.52,63.4681467346738
5052,-8.148159,-3.757928,4.467998,0.067348,0.090866,-0.062461,32.53,63.5295102432437
5062,-8.165507,-3.739383,4.461418,0.064141,0.103542,-0.064446,32.53,63.5835859719282
5072,-8.172686,-3.753741,4.439284,0.062614,0.113926,-0.067042,32.53,63.728625996567
5082,-8.173284,-3.744768,4.415954,0.062003,0.122937,-0.069486,32.53,63.8401980956034
5092,-8.170293,-3.739982,4.401597,0.062156,0.12874,-0.072082,32.5,63.9020928878318
5102,-8.167302,-3.739982,4.377669,0.063988,0.13439,-0.072846,32.5,64.0184415076034
5112,-8.185248,-3.736392,4.365705,0.066432,0.136223,-0.074067,32.52,64.1172728347508
5122,-8.188837,-3.729812,4.342375,0.069486,0.136223,-0.077122,32.52,64.2389816950223
5132,-8.188837,-3.733402,4.325625,0.073151,0.134696,-0.078343,32.5,64.329253777544
5142,-8.202596,-3.716652,4.315455,0.077274,0.1321,-0.079565,32.5,64.3957531470589
5152,-8.216354,-3.728616,4.301697,0.081245,0.128282,-0.081092,32.52,64.5101469364331
5162,-8.231908,-3.715455,4.286144,0.08491,0.115148,-0.082009,32.52,64.6121757335302
5172,-8.238488,-3.714857,4.28734,0.09163,0.106596,-0.084452,32.55,64.6201126527994
5182,-8.233703,-3.715455,4.294518,0.093768,0.097891,-0.085521,32.52,64.5728570399347
5192,-8.228917,-3.709473,4.285545,0.09499,0.088728,-0.086896,32.52,64.6025288873386
5202,-8.240881,-3.704688,4.290929,0.095906,0.080176,-0.087965,32.49,64.5966458005356
5212,-8.239684,-3.706482,4.297509,0.096822,0.071624,-0.088423,32.49,64.5617328899562
5222,-8.251051,-3.701099,4.302295,0.095906,0.062308,-0.090255,32.51,64.5570666862476
5232,-8.25464,-3.702295,4.302894,0.095295,0.054214,-0.090713,32.51,64.5632218531547
5242,-8.254042,-3.702295,4.307679,0.093921,0.047037,-0.091172,32.51,64.5371718238213
5252,-8.248059,-3.711866,4.323233,0.092852,0.040775,-0.092088,32.51,64.4531384398278
5262,-8.246264,-3.710072,4.334,0.090561,0.034819,-0.091935,32.5,64.3917839961376
5272,-8.238488,-3.701697,4.34058,0.088575,0.029169,-0.093157,32.5,64.3318433152419
5282,-8.239684,-3.714259,4.341777,0.087812,0.02642,-0.092546,32.52,64.3411384090049
5292,-8.234302,-3.720241,4.346562,0.086437,0.023976,-0.092241,32.52,64.3104422748751
5302,-8.222935,-3.725027,4.351348,0.086132,0.022755,-0.08995,32.48,64.2650046808743
5312,-8.213365,-3.728018,4.345366,0.085827,0.02138,-0.089644,32.48,64.2772542639365
5322,-8.204391,-3.727419,4.359723,0.086132,0.021533,-0.088423,32.5,64.182312274127
5332,-8.199007,-3.738187,4.353143,0.088575,0.022602,-0.082772,32.5,64.2151281511036
5344,-8.17448,-3.754937,4.359125,0.092546,0.02642,-0.080634,32.5,64.1460269015525
5352,-8.182856,-3.756732,4.352544,0.095906,0.027947,-0.077427,32.53,64.2008445665723
5362,-8.175079,-3.759723,4.359723,0.099571,0.030696,-0.075136,32.53,64.1492978113964
5372,-8.175676,-3.76391,4.347161,0.103542,0.032681,-0.072082,32.51,64.2198308410371
5382,-8.160722,-3.77408,4.359125,0.107665,0.035888,-0.068417,32.51,64.134820324416
5392,-8.155338,-3.796811,4.347759,0.11133,0.03879,-0.06521,32.52,64.2051869125757
5402,-8.163115,-3.790829,4.355535,0.115454,0.041692,-0.062308,32.52,64.1763636426805
5412,-8.156534,-3.799204,4.348357,0.118661,0.044135,-0.05849,32.53,64.2073252197698
5422,-8.158329,-3.802195,4.347161,0.121257,0.045968,-0.056658,32.53,64.2207064188763
5432,-8.163713,-3.806981,4.351946,0.1237,0.048106,-0.052534,32.5,64.2132205046236
5442,-8.161918,-3.811767,4.357928,0.125533,0.04948,-0.050244,32.5,64.1833702502086
5452,-8.167302,-3.812365,4.360919,0.125686,0.050244,-0.047647,32.52,64.1807507690122
5462,-8.163713,-3.822534,4.361517,0.126144,0.051771,-0.046426,32.52,64.1803009531456
5472,-8.165507,-3.823133,4.365705,0.125075,0.05284,-0.044288,32.5,64.1634188806255
5482,-8.166105,-3.822534,4.360321,0.124464,0.053603,-0.041844,32.5,64.1918575954235
5492,-8.17448,-3.824927,4.360919,0.121868,0.054214,-0.041386,32.53,64.2101814484726
5502,-8.190632,-3.835097,4.371687,0.119271,0.055131,-0.040012,32.53,64.2018815532126
5512,-8.183454,-3.824927,4.370491,0.112399,0.056505,-0.039248,32.51,64.181165739621
5522,-8.179267,-3.832105,4.370491,0.10797,0.057879,-0.039095,32.5,64.1793006920991
5532,-8.194221,-3.832704,4.38425,0.104,0.057727,-0.038943,32.5,64.1429617649208
5542,-8.208578,-3.81715,4.381258,0.100182,0.059101,-0.040012,32.51,64.1742950287247
5552,-8.19781,-3.819543,4.374678,0.095753,0.059865,-0.041539,32.51,64.1863283014846
5562,-8.204391,-3.81057,4.38066,0.091935,0.060476,-0.043371,32.5,64.1610476254935
5572,-8.219944,-3.805186,4.374678,0.087965,0.06185,-0.043982,32.5,64.2211199951631
5582,-8.21157,-3.802195,4.378268,0.084452,0.062156,-0.047037,32.52,64.180743897262
5592,-8.215158,-3.798008,4.370491,0.08094,0.062766,-0.04948,32.52,64.2243724387548
5602,-8.218149,-3.786642,4.374678,0.078802,0.063835,-0.052229,32.51,64.1978030792215
5612,-8.222337,-3.793222,4.383053,0.076511,0.064141,-0.054978,32.51,64.1711178843329
5622,-8.236693,-3.786044,4.371687,0.074984,0.064599,-0.057879,32.51,64.254256886967
5632,-8.218747,-3.777071,4.365107,0.073457,0.065363,-0.062003,32.51,64.2383747263751
5642,-8.23131,-3.773481,4.370491,0.072693,0.06521,-0.064446,32.52,64.2353128046712
5652,-8.22473,-3.759723,4.366901,0.07254,0.065668,-0.069333,32.52,64.2247195323076
5662,-8.230712,-3.760321,4.359723,0.071777,0.065363,-0.072693,32.49,64.2757025425773
5672,-8.219944,-3.743571,4.356134,0.072998,0.06521,-0.076205,32.49,64.2526413163542
5682,-8.223534,-3.739982,4.349553,0.074526,0.064294,-0.081856,32.51,64.2909347597821
5692,-8.22772,-3.739982,4.342375,0.078038,0.063377,-0.084605,32.53,64.3373368264949
5702,-8.218149,-3.725625,4.329813,0.080176,0.062003,-0.087354,32.53,64.3658382571614
5712,-8.225328,-3.721437,4.329813,0.081551,0.059712,-0.088881,32.52,64.3777505543774
5722,-8.20798,-3.720241,4.329813,0.084758,0.057727,-0.089186,32.52,64.3373646265473
5732,-8.214561,-3.709473,4.320241,0.086896,0.055741,-0.089339,32.52,64.3906886560747
5742,-8.204989,-3.707081,4.309474,0.08995,0.052382,-0.088575,32.52,64.4223343245394
5752,-8.195418,-3.705884,4.315455,0.092699,0.04948,-0.087048,32.5,64.3685016325432
5762,-8.204391,-3.709473,4.305286,0.093921,0.045662,-0.084299,32.5,64.4451119758881
5772,-8.197212,-3.71067,4.314857,0.09728,0.041997,-0.081703,32.53,64.3805567856372
5782,-8.189436,-3.704688,4.298706,0.099571,0.037874,-0.077122,32.53,64.4405556912977
5792,-8.191828,-3.7005,4.302894,0.101862,0.033903,-0.071166,32.5,64.4199613476089
5802,-8.184649,-3.707679,4.296911,0.104611,0.029474,-0.066737,32.5,64.4421088883921
5812,-8.175676,-3.703491,4.301697,0.107512,0.024893,-0.061239,32.53,64.3926624769032
5822,-8.18764,-3.705884,4.30409,0.109498,0.019548,-0.055894,32.53,64.409791987599
5832,-8.18764,-3.711268,4.310072,0.111788,0.014966,-0.049327,32.51,64.3842991169393
5842,-8.188837,-3.711866,4.315455,0.114079,0.010079,-0.043066,32.51,64.3597336558315
5852,-8.184052,-3.727419,4.319045,0.116064,0.006261,-0.032681,32.54,64.346308555795
5862,-8.182856,-3.725027,4.332804,0.120493,-0.001374,-0.027794,32.52,64.2699375478739
5872,-8.18764,-3.72383,4.338188,0.121715,-0.004123,-0.023518,32.52,64.2517209961567
5882,-8.181061,-3.724428,4.343571,0.122326,-0.005803,-0.020159,32.53,64.2095825269304
5892,-8.184052,-3.722634,4.360321,0.122937,-0.006261,-0.01741,32.53,64.1280441140151
5902,-8.177471,-3.733402,4.375276,0.122937,-0.00504,-0.015577,32.55,64.0471187495844
5912,-8.179864,-3.742374,4.383651,0.123547,-0.004123,-0.01573,32.55,64.0188000210389
5922,-8.189436,-3.738187,4.393223,0.123395,-0.000916,-0.016035,32.49,63.9870371265566
5932,-8.198408,-3.74058,4.41057,0.122173,0.003207,-0.017104,32.49,63.9209392895107
5942,-8.183454,-3.750151,4.420142,0.120646,0.009316,-0.019548,32.49,63.8476583220784
5952,-8.188239,-3.758526,4.425525,0.118355,0.016799,-0.021991,32.49,63.839804040482
5962,-8.185846,-3.758526,4.434498,0.116523,0.025809,-0.026725,32.5,63.788370402867
5972,-8.184649,-3.761517,4.451249,0.113621,0.034667,-0.031765,32.5,63.7030751787137
5982,-8.184052,-3.768098,4.450052,0.110567,0.044593,-0.037415,32.52,63.7147708552774
5992,-8.182258,-3.77408,4.453641,0.10736,0.055589,-0.04383,32.52,63.6986348293837
6002,-8.184052,-3.772285,4.469195,0.102473,0.066279,-0.050549,32.5,63.6214258316153
6012,-8.194819,-3.78724,4.45065,0.099571,0.077733,-0.057421,32.5,63.75657744667
6022,-8.19123,-3.77408,4.453641,0.095906,0.088423,-0.06521,32.51,63.7191996826442
6032,-8.200203,-3.78066,4.449454,0.087048,0.108887,-0.079107,32.5,63.7680455058984
6042,-8.198408,-3.787838,4.439882,0.08262,0.116675,-0.086285,32.5,63.8203985831841
6052,-8.213962,-3.795017,4.431507,0.078343,0.12538,-0.094379,32.56,63.9061201791697
6062,-8.204989,-3.798606,4.419543,0.075136,0.132252,-0.100945,32.56,63.9506694561504
6072,-8.212168,-3.789633,4.400401,0.071624,0.137292,-0.106596,32.52,64.0555189913612
6082,-8.218747,-3.791427,4.398008,0.067959,0.140041,-0.112246,32.52,64.0845236411347
6092,-8.207382,-3.79741,4.378866,0.065973,0.142484,-0.116828,32.55,64.1632433459021
6102,-8.223534,-3.786044,4.359723,0.062308,0.143095,-0.120951,32.55,64.2860941142593
6112,-8.224131,-3.791427,4.344768,0.060476,0.141415,-0.12538,32.51,64.3698707123876
6122,-8.216953,-3.790231,4.336392,0.059865,0.137597,-0.127365,32.51,64.3956548180384
6132,-8.221739,-3.786044,4.314259,0.060323,0.133779,-0.127976,32.51,64.5161104637173
6142,-8.216354,-3.79382,4.302295,0.059559,0.127671,-0.126296,32.51,64.5738430356998
6152,-8.219944,-3.786044,4.295715,0.059559,0.12034,-0.124769,32.49,64.607840574018
6162,-8.222337,-3.784249,4.277769,0.061087,0.11133,-0.121868,32.49,64.7041173647371
6172,-8.212766,-3.78724,4.267001,0.061697,0.10232,-0.118661,32.49,64.7416795779777
6182,-8.209177,-3.783053,4.256233,0.063683,0.093004,-0.11301,32.49,64.7852629539738
6192,-8.203793,-3.772285,4.265206,0.065668,0.082467,-0.107818,32.51,64.7157261944228
6202,-8.204989,-3.775276,4.25384,0.069333,0.062156,-0.093768,32.51,64.7804344860644
6212,-8.205587,-3.772883,4.250251,0.072235,0.052229,-0.085063,32.54,64.7979553201289
6222,-8.200203,-3.767499,4.255635,0.074831,0.041844,-0.076664,32.51,64.7525200127464
6232,-8.201998,-3.759125,4.265805,0.077427,0.032223,-0.068111,32.51,64.6951537649987
6242,-8.190632,-3.756732,4.260421,0.080023,0.022755,-0.059101,32.48,64.6952969919195
6252,-8.191828,-3.759125,4.266403,0.08323,0.014355,-0.050702,32.48,64.669344449658
6262,-8.196015,-3.757928,4.274778,0.085521,0.006872,-0.042761,32.51,64.6340026398998
6272,-8.198408,-3.745964,4.281358,0.089034,-0.000153,-0.035888,32.51,64.5929687508275
6282,-8.218747,-3.745964,4.281956,0.092088,-0.007178,-0.029932,32.54,64.6353777640463
6292,-8.20798,-3.746562,4.301099,0.094837,-0.01237,-0.024129,32.54,64.5127780229988
6302,-8.210971,-3.744768,4.298706,0.09728,-0.017868,-0.020464,32.52,64.5300342457648
6312,-8.213365,-3.748357,4.310072,0.10064,-0.022449,-0.017104,32.52,64.4802995000437
6322,-8.223534,-3.74716,4.314857,0.103694,-0.025656,-0.014355,32.5,64.4771755687486
6332,-8.230712,-3.744169,4.335197,0.10568,-0.028863,-0.012981,32.5,64.3853321452537
6342,-8.230114,-3.74058,4.346562,0.108429,-0.031154,-0.013744,32.48,64.321783390342
6352,-8.240881,-3.742374,4.335794,0.110719,-0.033139,-0.014966,32.48,64.4032749168187
6362,-8.225328,-3.751348,4.369295,0.11301,-0.03375,-0.016952,32.55,64.2051363019736
6372,-8.221141,-3.754937,4.359723,0.114995,-0.03375,-0.023213,32.55,64.2485831868355
6382,-8.230712,-3.752544,4.374678,0.117439,-0.032834,-0.027489,32.52,64.1908865382073
6392,-8.213365,-3.750151,4.371687,0.119119,-0.032529,-0.032529,32.52,64.164551627356
6402,-8.213962,-3.746562,4.38066,0.120493,-0.031307,-0.037874,32.52,64.1160827862091
6412,-8.219346,-3.760321,4.391428,0.120951,-0.029627,-0.043371,32.53,64.0872659257591
6422,-8.200802,-3.760919,4.390232,0.12202,-0.027184,-0.048717,32.53,64.0519580481236
6432,-8.199007,-3.756134,4.398606,0.121715,-0.025045,-0.054062,32.54,63.999902702943
6442,-8.193025,-3.761517,4.404588,0.122631,-0.021228,-0.05849,32.54,63.9612065991228
6452,-8.180463,-3.75733,4.405785,0.123089,-0.018173,-0.062156,32.56,63.9220246055158
6462,-8.180463,-3.75733,4.411169,0.12202,-0.013592,-0.064752,32.56,63.8943854408879
6472,-8.149954,-3.771089,4.420142,0.122326,-0.009163,-0.067959,32.52,63.792980075339
6482,-8.152946,-3.76391,4.424329,0.121562,-0.002443,-0.069486,32.52,63.7707311067016
6492,-8.139186,-3.758526,4.430909,0.121104,0.004887,-0.069333,32.49,63.6995645334999
6502,-8.138588,-3.763312,4.430909,0.119119,0.012828,-0.069944,32.49,63.7032824283877
6512,-8.108678,-3.759723,4.44048,0.11805,0.021533,-0.068875,32.47,63.5811557974433
6522,-8.110473,-3.766901,4.44407,0.115912,0.032223,-0.065973,32.47,63.5745788926618
6532,-8.108678,-3.765705,4.454239,0.113163,0.043066,-0.06353,32.5,63.5169009228969
6542,-8.093722,-3.768098,4.462016,0.110414,0.054367,-0.057421,32.5,63.4448071365888
6552,-8.093722,-3.762714,4.457231,0.104153,0.080023,-0.053909,32.54,63.4635575209573
6562,-8.105088,-3.769892,4.458427,0.100487,0.093462,-0.04948,32.54,63.4915865956205
6572,-8.098508,-3.76391,4.46381,0.096669,0.107207,-0.044135,32.54,63.4421994612288
6582,-8.111071,-3.759723,4.459623,0.092241,0.120035,-0.04047,32.51,63.4883768288537
6592,-8.110473,-3.759723,4.46381,0.08827,0.133016,-0.037263,32.51,63.465503958416
6602,-8.122437,-3.758526,4.450052,0.084452,0.146302,-0.033292,32.52,63.5625750961997
6612,-8.135597,-3.755535,4.443472,0.080481,0.157756,-0.031001,32.52,63.6235939057672
6622,-8.139186,-3.756134,4.442276,0.0759,0.167988,-0.029169,32.5,63.6386601324266
6632,-8.173284,-3.748955,4.432704,0.071624,0.176693,-0.028405,32.5,63.7586716349049
6642,-8.184649,-3.753142,4.425525,0.067806,0.184481,-0.029474,32.5,63.8259359085349
6652,-8.18764,-3.759723,4.401597,0.064141,0.189521,-0.029932,32.5,63.9624094851623
6662,-8.216354,-3.748955,4.381856,0.06185,0.193033,-0.03207,32.5,64.1178385398691
6672,-8.221141,-3.743571,4.381856,0.058643,0.194713,-0.034819,32.5,64.1231265422782
6682,-8.252247,-3.745964,4.350152,0.056505,0.194102,-0.039859,32.52,64.3586105738341
6692,-8.263015,-3.74058,4.34058,0.054367,0.19059,-0.045509,32.52,64.4264824660775
6702,-8.282157,-3.731607,4.313063,0.053451,0.18555,-0.051924,32.52,64.6017307637303
6712,-8.297112,-3.749553,4.297509,0.052382,0.178678,-0.058338,32.52,64.7329773362515
6722,-8.313264,-3.73041,4.278965,0.052382,0.156687,-0.07254,32.52,64.8451099720888
6732,-8.322835,-3.727419,4.262215,0.053298,0.144317,-0.081245,32.51,64.9495769340627
6742,-8.330612,-3.736991,4.241278,0.054367,0.129962,-0.088728,32.51,65.0840613277559
6752,-8.331809,-3.732205,4.244868,0.055894,0.113774,-0.0956,32.52,65.0634579854155
6762,-8.328817,-3.734598,4.235296,0.057116,0.097128,-0.10232,32.52,65.1086746565281
6772,-8.328817,-3.734598,4.218546,0.059254,0.078649,-0.109039,32.51,65.1952499484945
6782,-8.337193,-3.733402,4.214957,0.061087,0.060323,-0.114385,32.51,65.2308983898867
6792,-8.330013,-3.735196,4.206582,0.063072,0.040775,-0.118508,32.51,65.260349447085
6802,-8.309077,-3.728616,4.211368,0.065363,0.021991,-0.121868,32.51,65.1834443626134
6812,-8.310272,-3.73041,4.207779,0.067959,0.003818,-0.124464,32.47,65.206418983183
6822,-8.293524,-3.729812,4.204788,0.07086,-0.014508,-0.125075,32.47,65.1847226148371
6832,-8.270193,-3.744169,4.225127,0.073762,-0.031154,-0.123547,32.46,65.0421996238666
6842,-8.269596,-3.741179,4.236493,0.076511,-0.047953,-0.122173,32.46,64.9789675079534
6852,-8.252846,-3.738786,4.228716,0.079107,-0.062156,-0.118661,32.57,64.9799752705296
6862,-8.23131,-3.741179,4.247859,0.081092,-0.0759,-0.113774,32.57,64.8353111357348
6872,-8.218149,-3.738786,4.256832,0.083841,-0.087506,-0.109192,32.52,64.7570349927776
6882,-8.208578,-3.748955,4.283751,0.086743,-0.097586,-0.100945,32.52,64.6063935180592
6892,-8.169096,-3.748955,4.303492,0.088881,-0.109956,-0.084452,32.51,64.4153476330772
6902,-8.15773,-3.756732,4.307679,0.093157,-0.113621,-0.075136,32.49,64.376041532252
6912,-8.143373,-3.756134,4.328616,0.095295,-0.115148,-0.06521,32.49,64.2343545230272
6922,-8.130214,-3.763312,4.348357,0.09728,-0.113468,-0.0562,32.57,64.1097218853291
6932,-8.12782,-3.768098,4.366303,0.099571,-0.110567,-0.046273,32.57,64.0165020377378
6942,-8.114061,-3.769294,4.382454,0.101556,-0.105374,-0.037415,32.52,63.9028261629131
6952,-8.10808,-3.772883,4.396214,0.103084,-0.098807,-0.028863,32.52,63.8218861988954
6962,-8.111071,-3.781258,4.411767,0.104916,-0.089492,-0.020311,32.51,63.7575612230539
6972,-8.107481,-3.789035,4.41416,0.106138,-0.080023,-0.013744,32.51,63.7453292994663
6982,-8.087142,-3.711866,4.563711,0.106138,-0.068417,-0.008247,32.51,62.8478806240726
6992,-8.105088,-3.699902,4.640281,0.077122,-0.056963,-0.004429,32.51,62.4887951603501
7002,-8.08475,-3.783651,4.439882,0.054978,-0.044593,-0.000916,32.47,63.5546071670718
7012,-8.087142,-3.799204,4.442276,0.057879,-0.032376,0.003512,32.47,63.5647219121181
7022,-8.092526,-3.796811,4.458427,0.061239,-0.020159,0.007025,32.5,63.4916171898875
7032,-8.105686,-3.796213,4.457829,0.063988,-0.006261,0.007941,32.5,63.5245085619988
7042,-8.114061,-3.792624,4.457829,0.066279,0.008705,0.009316,32.51,63.5399927751766
7052,-8.126624,-3.805784,4.466802,0.068264,0.021991,0.008247,32.51,63.5372612057566
7062,-8.126624,-3.809972,4.469792,0.06918,0.036805,0.003207,32.54,63.5264905292821
7072,-8.145766,-3.809972,4.479962,0.068722,0.064599,-0.00168,32.54,63.5186450643508
7082,-8.158329,-3.805784,4.475775,0.068111,0.077733,-0.005651,32.54,63.5644246879875
7092,-8.156534,-3.817749,4.462614,0.067042,0.090866,-0.010843,32.54,63.6403330664066
7102,-8.156534,-3.814758,4.464409,0.065057,0.102778,-0.016341,32.54,63.6279557392459
7112,-8.172686,-3.808177,4.460222,0.061392,0.113163,-0.02306,32.49,63.6793086072
7122,-8.155936,-3.791427,4.488338,0.058796,0.123853,-0.027794,32.49,63.4794181706782
7132,-8.176873,-3.696313,4.660022,0.040623,0.125075,-0.030391,32.55,62.5567688554547
7142,-8.190034,-3.802794,4.421339,0.013897,0.118508,-0.0281,32.55,63.9119288807137
7152,-8.180463,-3.798008,4.41416,0.009927,0.122478,-0.031001,32.49,63.9218790491935
7162,-8.185248,-3.800999,4.394419,0.007483,0.12706,-0.03207,32.49,64.0371402671441
7172,-8.188239,-3.800999,4.38724,0.005803,0.131031,-0.034667,32.52,64.0807648076529
7182,-8.202596,-3.786044,4.360321,0.003207,0.132863,-0.036346,32.52,64.2358949354258
7192,-8.190632,-3.790829,4.360321,0.001527,0.134696,-0.036805,32.48,64.2138995377423
7202,-8.190632,-3.738786,4.402793,-0.001374,0.133321,-0.036805,32.48,63.9412217341822
7212,-8.206783,-3.708277,4.439284,-0.01405,0.129045,-0.034514,32.5,63.7593916932399
7222,-8.216354,-3.785445,4.334598,-0.025351,0.123547,-0.03146,32.5,64.3986069306572
7232,-8.221739,-3.769294,4.308876,-0.026573,0.120035,-0.030391,32.51,64.5266925796638
7242,-8.230712,-3.760919,4.307679,-0.027184,0.109956,-0.026878,32.51,64.5443615790026
7252,-8.236693,-3.759125,4.299304,-0.027794,0.103694,-0.025198,32.5,64.5991259294942
7262,-8.24148,-3.768098,4.292126,-0.027947,0.095753,-0.023671,32.52,64.6559872816969
7272,-8.255239,-3.755535,4.282554,-0.027794,0.088117,-0.022602,32.52,64.723270238256
7282,-8.263015,-3.753741,4.280162,-0.026878,0.080023,-0.022602,32.48,64.751069642739
7292,-8.266006,-3.748955,4.28076,-0.026267,0.07025,-0.021991,32.48,64.7497968844243
7302,-8.275578,-3.74058,4.262215,-0.024435,0.060476,-0.022449,32.53,64.8584199359455
7312,-8.277372,-3.735196,4.265206,-0.022755,0.049786,-0.022144,32.53,64.8415473658155
7322,-8.268997,-3.725625,4.251448,-0.020769,0.039248,-0.021838,32.5,64.8846463358833
7332,-8.271988,-3.728616,4.253242,-0.017257,0.027947,-0.022602,32.5,64.8849585723999
7345,-8.279166,-3.729214,4.243073,-0.01405,0.015882,-0.023518,32.54,64.9540692802909
7352,-8.274381,-3.734,4.244269,-0.009621,0.004276,-0.023824,32.54,64.942076931791
7362,-8.274381,-3.728018,4.239483,-0.006109,-0.008247,-0.025045,32.52,64.9609190403415
7372,-8.279166,-3.737589,4.239483,-0.001069,-0.020311,-0.023671,32.52,64.9809895244188
7382,-8.265409,-3.73041,4.25085,0.003054,-0.032834,-0.023366,32.53,64.8845780734362
7392,-8.25464,-3.729812,4.241877,0.007483,-0.044899,-0.021686,32.53,64.906657411164
7402,-8.245069,-3.725625,4.244868,0.011606,-0.056047,-0.020464,32.52,64.8657306113142
7412,-8.224131,-3.738187,4.25743,0.016799,-0.078649,-0.014355,32.52,64.766648163785
7422,-8.225926,-3.73041,4.249653,0.02642,-0.088117,-0.011148,32.52,64.8031600524131
7432,-8.203195,-3.742973,4.268795,0.030238,-0.096822,-0.007178,32.53,64.6658116055891
7442,-8.210971,-3.733402,4.28076,0.033903,-0.104305,-0.002902,32.53,64.6113868005989
7452,-8.18764,-3.733402,4.294518,0.038026,-0.111636,0.002443,32.48,64.4876501924064
7462,-8.190034,-3.739383,4.307081,0.040317,-0.116217,0.008399,32.48,64.4340854103123
7472,-8.176275,-3.753741,4.315455,0.041539,-0.119424,0.013286,32.54,64.3745200805212
7482,-8.169695,-3.74716,4.329813,0.043982,-0.121715,0.01741,32.54,64.2785010255121
7492,-8.163115,-3.748357,4.34058,0.045051,-0.121868,0.021686,32.52,64.2091298430731
7502,-8.158329,-3.751946,4.365705,0.045204,-0.120188,0.02642,32.52,64.0721995198701
7512,-8.164311,-3.758526,4.375276,0.044593,-0.117286,0.029474,32.49,64.0433750596376
7522,-8.155338,-3.767499,4.405187,0.043219,-0.112705,0.03146,32.49,63.8783644812077
7532,-8.149954,-3.742374,4.414758,0.041844,-0.105985,0.032681,32.53,63.7902405087279
7542,-8.16132,-3.75733,4.424927,0.038943,-0.098502,0.034056,32.53,63.7799248281739
7552,-8.163713,-3.760321,4.439882,0.03711,-0.087965,0.034056,32.52,63.7118945660651
7562,-8.151749,-3.75733,4.455436,0.032987,-0.077122,0.031154,32.52,63.6014755214336
7572,-8.159525,-3.765705,4.47398,0.02978,-0.065363,0.028405,32.51,63.5334916930487
7582,-8.157133,-3.769892,4.486543,0.025809,-0.051771,0.020159,32.51,63.4682787792698
7592,-8.154141,-3.767499,4.499703,0.016799,-0.023824,0.013897,32.53,63.391653807886
7602,-8.15773,-3.766303,4.497908,0.013134,-0.008858,0.007025,32.5,63.4078457393404
7612,-8.160124,-3.772285,4.500899,0.008247,0.005956,0.000305,32.5,63.4045475826738
7622,-8.161918,-3.77049,4.504489,0.00504,0.021991,-0.007789,32.55,63.388490585019
7632,-8.169695,-3.768098,4.494917,0.001374,0.038026,-0.014508,32.55,63.4527063735203
7642,-8.161918,-3.765106,4.493123,-0.001985,0.052229,-0.022755,32.5,63.4406673427437
7652,-8.175676,-3.780062,4.481757,-0.00504,0.067653,-0.030391,32.5,63.546339208369
7662,-8.173882,-3.780062,4.478765,-0.007483,0.081092,-0.036652,32.5,63.5574666320692
7672,-8.169096,-3.776472,4.466802,-0.009621,0.093462,-0.043066,32.5,63.6036925272599
7682,-8.169695,-3.769892,4.454837,-0.011454,0.105985,-0.048717,32.49,63.6592346072674
7692,-8.172686,-3.764508,4.443472,-0.012523,0.115912,-0.054367,32.49,63.7185550762028
7702,-8.175079,-3.768098,4.430311,-0.014203,0.124769,-0.058948,32.5,63.7952404720553
7712,-8.175676,-3.767499,4.41416,-0.015424,0.1321,-0.062919,32.5,63.8787882537428
7722,-8.190632,-3.75733,4.401597,-0.015882,0.137597,-0.065057,32.5,63.9667256505554
7732,-8.194819,-3.762115,4.378268,-0.01573,0.142179,-0.066279,32.5,64.1010967765774
7742,-8.190034,-3.762115,4.357928,-0.01573,0.144622,-0.067042,32.54,64.1949456282289
7752,-8.204989,-3.756134,4.331607,-0.015424,0.145233,-0.066737,32.54,64.3582448114335
7762,-8.2014,-3.764508,4.31725,-0.015882,0.140194,-0.062461,32.5,64.4329385581634
7772,-8.210373,-3.758526,4.297509,-0.015119,0.135154,-0.059559,32.53,64.5489734966471
7782,-8.22473,-3.762115,4.283751,-0.015577,0.128434,-0.056352,32.53,64.6558924575439
7792,-8.233105,-3.760321,4.271787,-0.015882,0.12034,-0.052229,32.49,64.7346280592541
7802,-8.247462,-3.756134,4.26401,-0.015272,0.110414,-0.047953,32.49,64.8025140959254
7812,-8.243275,-3.753142,4.258028,-0.014508,0.09896,-0.041997,32.55,64.8211916960911
7822,-8.248059,-3.757928,4.250251,-0.014813,0.087201,-0.037874,32.55,64.8769046591287
7832,-8.261221,-3.748357,4.239483,-0.014203,0.073609,-0.033598,32.51,64.9521720971075
7842,-8.261221,-3.75733,4.236493,-0.01237,0.060476,-0.028863,32.51,64.9766565772132
7852,-8.27139,-3.745964,4.225725,-0.011606,0.045968,-0.023366,32.5,65.0435175179509
7862,-8.255836,-3.754937,4.226922,-0.010537,0.030085,-0.01909,32.5,65.0120440847184
7872,-8.263614,-3.748955,4.229314,-0.008399,0.015272,-0.015424,32.49,65.0107751892914
7882,-8.273185,-3.742374,4.22752,-0.00672,-0.000305,-0.013134,32.49,65.0345822726358
7892,-8.264212,-3.757928,4.224528,-0.005345,-0.014661,-0.009774,32.5,65.0458826851255
7902,-8.268997,-3.744768,4.235895,-0.002138,-0.028253,-0.007025,32.5,64.984327096533
7912,-8.271988,-3.762714,4.241278,0.001069,-0.041997,-0.004276,32.52,64.9809566920499
7922,-8.266603,-3.755535,4.265206,0.003818,-0.054367,-0.00336,32.52,64.8380968146606
7932,-8.249256,-3.76391,4.272385,0.007178,-0.0759,-0.001527,32.5,64.7710185044649
7942,-8.242676,-3.77408,4.28734,0.013439,-0.085063,-0.001222,32.52,64.6894465544113
7952,-8.239087,-3.755535,4.292126,0.01741,-0.091935,-0.00168,32.52,64.6378896733507
7962,-8.233703,-3.771089,4.297509,0.02138,-0.098502,-0.001985,32.48,64.6139235590633
7972,-8.228318,-3.764508,4.31725,0.025656,-0.103084,-0.004581,32.48,64.4932924368094
7982,-8.215158,-3.767499,4.326224,0.029322,-0.106138,-0.005345,32.56,64.420585109999
7992,-8.202596,-3.767499,4.341179,0.031765,-0.107818,-0.006261,32.56,64.3152237382436
8002,-8.193623,-3.768696,4.354339,0.034972,-0.10736,-0.008552,32.52,64.228397206313
8012,-8.194819,-3.76391,4.369295,0.038485,-0.105527,-0.009468,32.52,64.1491203864681
8022,-8.172686,-3.772883,4.380062,0.041081,-0.102625,-0.011759,32.55,64.0528562846271
8032,-8.175676,-3.775874,4.383651,0.04383,-0.09896,-0.012523,32.55,64.0443277240495
8042,-8.158927,-3.783651,4.389633,0.044746,-0.093157,-0.01237,32.5,63.9836304830289
8052,-8.148758,-3.775874,4.398008,0.04612,-0.085368,-0.012828,32.5,63.9091022842485
8062,-8.134999,-3.786044,4.414758,0.047037,-0.077733,-0.013744,32.52,63.8022610098597
8072,-8.134401,-3.782454,4.42732,0.047342,-0.068264,-0.013897,32.52,63.7325046886031
8082,-8.132008,-3.782454,4.430909,0.047342,-0.058032,-0.012065,32.54,63.7085709505431
8092,-8.123035,-3.790829,4.442276,0.047189,-0.047647,-0.010843,32.54,63.6385453454709
8102,-8.109874,-3.775276,4.439882,0.045815,-0.036041,-0.007789,32.5,63.6037247444459
8112,-8.099705,-3.781258,4.448855,0.041233,-0.011454,-0.004276,32.5,63.5405381221209
8122,-8.106285,-3.771089,4.448257,0.039095,-0.000153,-0.002902,32.5,63.5478758452748
8132,-8.106883,-3.786044,4.456632,0.036346,0.011759,-0.000153,32.49,63.5224123697165
8142,-8.106883,-3.793222,4.44407,0.033445,0.024587,0.003665,32.49,63.5946534254639
8152,-8.114061,-3.771089,4.448257,0.030238,0.036194,0.006414,32.51,63.5658856130947
8162,-8.120044,-3.769294,4.441079,0.026725,0.047189,0.01069,32.51,63.6146569432184
8172,-8.12782,-3.768696,4.44407,0.023518,0.057421,0.012981,32.49,63.6166249803176
8182,-8.129615,-3.771687,4.42732,0.020311,0.066737,0.015272,32.49,63.7099879848968
8192,-8.146963,-3.760321,4.43749,0.016493,0.0759,0.017562,32.52,63.6856107350526
8202,-8.160124,-3.761517,4.418347,0.013134,0.083841,0.019395,32.52,63.8153853490551
8212,-8.161918,-3.768098,4.424329,0.009774,0.091324,0.019548,32.53,63.795754911747
8222,-8.169695,-3.759125,4.409374,0.007025,0.09728,0.020159,32.53,63.88086626044
8232,-8.182856,-3.759125,4.402196,0.003971,0.102931,0.0197,32.54,63.9477983866157
8242,-8.195418,-3.748357,4.391428,0.001222,0.106749,0.017868,32.54,64.0204893024291
8252,-8.219346,-3.754937,4.377071,-0.001374,0.109345,0.015882,32.54,64.1553729026378
8262,-8.230712,-3.74058,4.375276,-0.003207,0.111025,0.012828,32.54,64.1755052795391
8272,-8.246863,-3.735795,4.353143,-0.005498,0.111788,0.008552,32.54,64.3207639946309
8282,-8.269596,-3.737589,4.353741,-0.00901,0.109498,-0.002291,32.55,64.370609289622
8292,-8.278568,-3.734,4.341777,-0.010385,0.106596,-0.008705,32.55,64.4485032047506
8302,-8.282756,-3.732205,4.33041,-0.011759,0.101862,-0.016188,32.47,64.5144511813365
8312,-8.286345,-3.726821,4.325625,-0.012981,0.096822,-0.02474,32.47,64.541647692158
8322,-8.295319,-3.720839,4.313063,-0.013439,0.089797,-0.031918,32.54,64.6202654711743
8332,-8.289934,-3.73041,4.314857,-0.012523,0.082925,-0.039248,32.54,64.6086210104269
8342,-8.309077,-3.728018,4.302894,-0.012981,0.074984,-0.047953,32.52,64.7102972795407
8352,-8.29472,-3.722634,4.305286,-0.013134,0.065821,-0.055283,32.52,64.6607449429089
8362,-8.296515,-3.722634,4.289135,-0.011912,0.056658,-0.062156,32.54,64.7479235274912
8372,-8.285149,-3.720839,4.283751,-0.011606,0.04612,-0.068264,32.54,64.7486789759339
8382,-8.289336,-3.728018,4.278367,-0.010537,0.036041,-0.073915,32.5,64.7929045850998
8392,-8.286943,-3.720839,4.273581,-0.009163,0.024893,-0.079565,32.5,64.8051606166361
8402,-8.282157,-3.728018,4.27059,-0.00733,0.01405,-0.082925,32.52,64.8171564961907
8412,-8.27139,-3.720839,4.276572,-0.006261,0.003512,-0.084605,32.52,64.7551898416318
8422,-8.256434,-3.721437,4.268198,-0.004581,-0.008094,-0.086743,32.51,64.7658506360543
8432,-8.228917,-3.732804,4.272983,-0.001222,-0.017868,-0.085979,32.51,64.6912121400223
8442,-8.222337,-3.73041,4.269992,0,-0.026725,-0.083994,32.49,64.6896027555051
8452,-8.219346,-3.729812,4.277769,0.002443,-0.04444,-0.077885,32.49,64.6419890093975
8462,-8.200802,-3.74058,4.275376,0.00733,-0.052382,-0.072082,32.52,64.6238588942515
8472,-8.2014,-3.739982,4.28076,0.009621,-0.058338,-0.06521,32.54,64.5966561137831
8482,-8.181061,-3.752544,4.289135,0.01237,-0.064752,-0.05849,32.54,64.5204641649558
8492,-8.172686,-3.758526,4.296313,0.014203,-0.068875,-0.049786,32.5,64.4705769419861
8502,-8.170892,-3.754937,4.307081,0.017257,-0.072998,-0.041233,32.5,64.4069912726926
8512,-8.154739,-3.756134,4.319045,0.019548,-0.075289,-0.032681,32.54,64.3097273944988
8522,-8.13799,-3.761517,4.325027,0.022449,-0.076664,-0.023671,32.54,64.2463770963287
8532,-8.140383,-3.771687,4.337589,0.023518,-0.07758,-0.014813,32.47,64.1974210080579
8542,-8.13141,-3.77049,4.347759,0.026114,-0.077274,-0.006567,32.47,64.12311923028
8552,-8.136793,-3.773481,4.345964,0.027336,-0.075595,0.001374,32.54,64.147813164108
8562,-8.136793,-3.779463,4.363312,0.029627,-0.073151,0.009468,32.54,64.064459672041
8572,-8.123632,-3.791427,4.373481,0.031154,-0.068875,0.016799,32.52,63.9946437194663
8582,-8.127223,-3.795017,4.386044,0.033139,-0.063835,0.022449,32.52,63.9418586073892
8592,-8.129017,-3.787838,4.386044,0.034972,-0.058948,0.027184,32.51,63.9383064558822
8602,-8.13141,-3.786642,4.402793,0.035583,-0.053451,0.030238,32.51,63.856223951639
8612,-8.139186,-3.784847,4.42074,0.035888,-0.045509,0.032681,32.51,63.7798457208574
8622,-8.143373,-3.794419,4.426124,0.036652,-0.037874,0.034972,32.51,63.7720184449634
8632,-8.140383,-3.803392,4.428516,0.037568,-0.018784,0.033598,32.51,63.7624867080657
8642,-8.143971,-3.800999,4.435695,0.037721,-0.009621,0.031612,32.51,63.7313316933159
8652,-8.14457,-3.798606,4.439882,0.036041,0.000611,0.028253,32.51,63.7086840705504
8662,-8.146365,-3.806383,4.446463,0.03543,0.012217,0.025198,32.55,63.6874208811968
8672,-8.160722,-3.799803,4.453641,0.034514,0.022602,0.020464,32.55,63.6765832127306
8682,-8.170892,-3.805186,4.447659,0.033292,0.032834,0.015119,32.5,63.7361961916603
8692,-8.172686,-3.795017,4.454837,0.03146,0.043677,0.010079,32.5,63.6927931055898
8702,-8.17149,-3.799204,4.456034,0.029016,0.054214,0.00504,32.55,63.6883943136176
8712,-8.185846,-3.789035,4.442873,0.027031,0.064294,-0.001833,32.55,63.7777028011531
8722,-8.193025,-3.798606,4.441079,0.024587,0.07254,-0.007941,32.5,63.8133727110234
8732,-8.188239,-3.790231,4.435695,0.021991,0.081245,-0.012065,32.5,63.8211311722302
8742,-8.199007,-3.786642,4.423731,0.019395,0.087506,-0.017715,32.53,63.9030842073528
8752,-8.21157,-3.777071,4.418347,0.016035,0.094379,-0.022755,32.53,63.9491664467803
8762,-8.205587,-3.78724,4.400401,0.013286,0.098044,-0.027489,32.48,64.0381171611573
8772,-8.216354,-3.775874,4.400401,0.010537,0.101709,-0.030238,32.48,64.0506507736243
8782,-8.223534,-3.777669,4.375875,0.006567,0.104153,-0.034208,32.49,64.1944932142654
8792,-8.218149,-3.772285,4.359125,0.003818,0.10568,-0.036805,32.49,64.2628209494322
8802,-8.230114,-3.775874,4.345964,-0.001833,0.103236,-0.040317,32.52,64.3610968381252
8812,-8.236693,-3.760919,4.33041,-0.003971,0.099113,-0.041233,32.5,64.4405473385426
8822,-8.238488,-3.753142,4.32742,-0.00672,0.094684,-0.041844,32.5,64.4520226130596
8832,-8.239684,-3.759125,4.31067,-0.007941,0.089186,-0.040775,32.52,64.5471437222129
8842,-8.236095,-3.745365,4.306482,-0.009621,0.082161,-0.041233,32.52,64.5467237881123
8852,-8.246863,-3.738786,4.290929,-0.01069,0.074831,-0.039401,32.5,64.6444360020816
8862,-8.252247,-3.734598,4.284947,-0.011759,0.066126,-0.037721,32.5,64.6831233827094
8872,-8.250452,-3.733402,4.281358,-0.012523,0.056352,-0.03711,32.49,64.6964744001149
8882,-8.239684,-3.729214,4.269393,-0.013286,0.045662,-0.034972,32.49,64.7301942027834
8892,-8.250452,-3.725027,4.267001,-0.013592,0.03543,-0.033139,32.53,64.7623438012847
8902,-8.260024,-3.722036,4.261019,-0.012217,0.025198,-0.031154,32.53,64.8115995680981
8912,-8.249256,-3.729214,4.266403,-0.010232,0.014203,-0.02978,32.52,64.7669879509391
8922,-8.246264,-3.732205,4.262814,-0.008858,0.003818,-0.027794,32.52,64.7819339853103
8932,-8.248658,-3.723232,4.252046,-0.007025,-0.00733,-0.026267,32.48,64.8340581664902
8942,-8.233703,-3.721437,4.271188,-0.004581,-0.017715,-0.024129,32.48,64.6997090347426
8952,-8.245069,-3.722634,4.262215,-0.001069,-0.027184,-0.023366,32.53,64.7727568006397
8962,-8.217552,-3.718446,4.269393,0.00168,-0.035888,-0.022144,32.53,64.6698931004137
8972,-8.231908,-3.720839,4.272385,0.004429,-0.051924,-0.019395,32.51,64.6888928977032
8982,-8.226524,-3.71725,4.296911,0.011606,-0.058185,-0.017715,32.51,64.5461899726144
8992,-8.204391,-3.725625,4.302295,0.016341,-0.063835,-0.01741,32.51,64.4770968205696
9002,-8.200802,-3.722634,4.310072,0.019395,-0.067653,-0.016799,32.52,64.4256857623087
9012,-8.198408,-3.736392,4.312464,0.022907,-0.07086,-0.015272,32.52,64.4220179218145
9022,-8.203793,-3.735196,4.329813,0.026114,-0.072998,-0.015119,32.55,64.3432534022604
9032,-8.192427,-3.739982,4.34058,0.029932,-0.073915,-0.013897,32.55,64.2668932783825
9042,-8.183454,-3.741776,4.346562,0.032834,-0.074526,-0.01237,32.57,64.2175354949096
9052,-8.179267,-3.735196,4.356134,0.034819,-0.072998,-0.011759,32.57,64.1517890811585
9062,-8.160722,-3.74716,4.366303,0.036499,-0.070097,-0.010843,32.51,64.069555071318
9072,-8.155338,-3.742374,4.381856,0.037874,-0.06689,-0.009316,32.51,63.9720136842965
9082,-8.1679,-3.750151,4.39083,0.039095,-0.062003,-0.008094,32.48,63.9626745743433
9092,-8.163713,-3.745365,4.386642,0.039859,-0.057269,-0.007178,32.48,63.9696461113849
9102,-8.154739,-3.771089,4.413561,0.039554,-0.050549,-0.005651,32.53,63.8377541757585
9112,-8.142178,-3.768696,4.41416,0.038637,-0.04383,-0.004276,32.53,63.803333043154
9122,-8.154739,-3.766303,4.419543,0.037415,-0.036346,-0.00336,32.52,63.8019579217817
9132,-8.140981,-3.769892,4.435097,0.035736,-0.028711,-0.003512,32.52,63.6943040485776
9142,-8.13141,-3.771687,4.439882,0.034667,-0.010232,-0.002596,32.5,63.6496075773798
9152,-8.141579,-3.773481,4.432106,0.02978,-0.000458,-0.000305,32.54,63.7148576989766
9162,-8.140981,-3.778267,4.435695,0.026573,0.009621,-0.001069,32.54,63.700169898741
9172,-8.140383,-3.773481,4.436892,0.023366,0.018784,-0.000764,32.52,63.6875441805843
9182,-8.139186,-3.783053,4.445865,0.020464,0.028253,-0.002291,32.52,63.6489995291281
9192,-8.14457,-3.781258,4.439882,0.017104,0.037568,-0.002291,32.57,63.6901416455791
9202,-8.151151,-3.789633,4.441079,0.014508,0.046273,-0.003665,32.57,63.7080644589422
9212,-8.151151,-3.781258,4.424329,0.011301,0.055436,-0.00504,32.53,63.7850334094722
9222,-8.161918,-3.776472,4.430909,0.009163,0.063072,-0.007178,32.53,63.7708810190416
9232,-8.159525,-3.78066,4.42074,0.006261,0.070555,-0.009316,32.44,63.8219971692162
9242,-8.166704,-3.795615,4.415356,0.003665,0.077122,-0.011759,32.44,63.8818747675
9252,-8.17448,-3.785445,4.405785,0.002138,0.082772,-0.014355,32.5,63.937952098158
9262,-8.181061,-3.78066,4.408776,0.000916,0.088575,-0.017868,32.5,63.9325533147353
9272,-8.194221,-3.786044,4.390232,0,0.092241,-0.020464,32.52,64.0632669138128
9282,-8.210971,-3.775874,4.383053,-0.000764,0.096211,-0.022755,32.52,64.1274239424852
9292,-8.2014,-3.779463,4.373481,-0.002749,0.098655,-0.025962,32.49,64.1586803694126
9302,-8.220542,-3.777071,4.35733,-0.002596,0.099876,-0.028863,32.49,64.2823843792774
9312,-8.22772,-3.765106,4.344768,-0.002749,0.100793,-0.035888,32.51,64.3507972181589
9322,-8.232506,-3.773481,4.338786,-0.003971,0.097586,-0.038179,32.54,64.40092522382
9332,-8.246863,-3.766901,4.33041,-0.003818,0.094684,-0.040012,32.54,64.4694215767468
9346,-8.250452,-3.763312,4.317849,-0.004123,0.091019,-0.042455,32.49,64.5384440239298
9352,-8.245667,-3.753741,4.314857,-0.004581,0.085979,-0.04383,32.49,64.533438434753
9362,-8.257631,-3.75733,4.304688,-0.003818,0.080023,-0.044288,32.51,64.6161858383037
9372,-8.250452,-3.763312,4.289733,-0.00336,0.07254,-0.045051,32.51,64.683431592977
9382,-8.267202,-3.75075,4.295715,-0.003512,0.064294,-0.045051,32.51,64.6770872067167
9392,-8.268997,-3.754937,4.278367,-0.003512,0.054978,-0.045051,32.51,64.7747991716168
9402,-8.261818,-3.75075,4.275974,-0.002902,0.045509,-0.04383,32.47,64.7670378516472
9412,-8.269596,-3.743571,4.260421,-0.003971,0.033903,-0.041692,32.47,64.8574609379328
9422,-8.265409,-3.753741,4.269992,-0.00336,0.023366,-0.041233,32.48,64.8089146963881
9432,-8.253444,-3.744169,4.262814,-0.002902,0.011606,-0.039401,32.48,64.8099099810665
9442,-8.257033,-3.746562,4.261019,-0.001985,-0.000305,-0.036957,32.51,64.8295614357179
9452,-8.254042,-3.738786,4.252644,-0.001527,-0.012675,-0.033445,32.51,64.8584999969385
9462,-8.248658,-3.748955,4.256832,-0.000458,-0.023824,-0.031307,32.46,64.8350960764855
9472,-8.242676,-3.738187,4.264608,0.000305,-0.035583,-0.027947,32.46,64.7706886006071
9482,-8.238488,-3.74716,4.268795,0.001222,-0.046426,-0.025962,32.52,64.7487516727618
9492,-8.233105,-3.751946,4.282554,0.004581,-0.066584,-0.0197,32.52,64.6704027297491
9502,-8.221141,-3.754339,4.287939,0.006414,-0.075289,-0.01573,32.54,64.6182860587573
9512,-8.212168,-3.756732,4.288536,0.008552,-0.08262,-0.013286,32.48,64.5975900055936
9522,-8.207382,-3.743571,4.315455,0.011301,-0.088575,-0.011606,32.48,64.4341259421206
9532,-8.204989,-3.755535,4.311268,0.013134,-0.09331,-0.009621,32.53,64.4626772923993
9542,-8.184052,-3.75075,4.315455,0.017104,-0.096822,-0.007483,32.53,64.3889701057541
9552,-8.186445,-3.752544,4.337589,0.0197,-0.098807,-0.006261,32.53,64.2818045322487
9562,-8.17448,-3.762115,4.34417,0.021991,-0.099571,-0.005956,32.53,64.2306930498356
9572,-8.176275,-3.769294,4.359125,0.025198,-0.097128,-0.003512,32.52,64.1650910059244
9582,-8.170293,-3.757928,4.378268,0.028558,-0.093768,-0.003665,32.52,64.0409630598814
9592,-8.160124,-3.761517,4.386642,0.03146,-0.089797,-0.00336,32.54,63.978416612884
9602,-8.159525,-3.759125,4.40399,0.034361,-0.083383,-0.003207,32.54,63.8852603485892
9612,-8.139785,-3.772883,4.417749,0.035736,-0.076053,-0.002749,32.51,63.7838413405066
9622,-8.150552,-3.771089,4.421937,0.037721,-0.067195,-0.002749,32.51,63.7851340081215
9632,-8.136195,-3.77049,4.429713,0.039554,-0.056963,-0.003512,32.54,63.7115660734566
9642,-8.132008,-3.765705,4.442276,0.041233,-0.045662,-0.003665,32.54,63.6323028300902
9652,-8.126026,-3.766303,4.461418,0.041539,-0.033445,-0.003512,32.53,63.520932892633
9662,-8.116454,-3.776472,4.466802,0.042455,-0.007483,-0.003512,32.53,63.482101846135
9672,-8.118249,-3.77049,4.463212,0.041539,0.005803,-0.004123,32.52,63.4982167430792
9682,-8.10808,-3.773481,4.465605,0.040012,0.019548,-0.004581,32.52,63.4655821775506
9692,-8.127223,-3.768696,4.4674,0.039401,0.033598,-0.004887,32.52,63.4956264246364
9702,-8.123632,-3.768696,4.473382,0.03711,0.047953,-0.002749,32.52,63.45666518129
9712,-8.127223,-3.771687,4.456034,0.034514,0.061239,-0.001833,32.52,63.5570817611836
9722,-8.146365,-3.769294,4.461418,0.031612,0.073609,-0.000611,32.52,63.5711733993432
9732,-8.136195,-3.768696,4.446463,0.030085,0.085216,0.000611,32.52,63.623682955651
9742,-8.13799,-3.772285,4.43749,0.025809,0.096211,0.001222,32.51,63.6776887772989
9752,-8.147561,-3.763312,4.426722,0.022907,0.105222,0.002596,32.51,63.7454349495264
9762,-8.155338,-3.76391,4.405785,0.019853,0.113316,0.002902,32.47,63.8714957371351
9772,-8.164909,-3.77408,4.399205,0.016646,0.119424,0.004276,32.47,63.937940835656
9782,-8.173882,-3.77049,4.38724,0.011912,0.124617,0.005498,32.53,64.0161345979409
9792,-8.179864,-3.759723,4.375276,0.008552,0.128434,0.005803,32.53,64.0800293557143
9802,-8.189436,-3.764508,4.366901,0.006414,0.129503,0.005956,32.5,64.1498671062154
9812,-8.200203,-3.759723,4.352544,0.003971,0.128129,0.004734,32.5,64.243202577326
9822,-8.216354,-3.751946,4.326224,0.001222,0.126755,0.004429,32.52,64.4072851747516
9832,-8.239087,-3.74716,4.317849,-0.000916,0.122784,0.001833,32.52,64.4965957427506
9842,-8.260622,-3.753142,4.308277,-0.003971,0.11133,-0.000611,32.51,64.6001086458516
9852,-8.256434,-3.751348,4.305884,-0.00504,0.102931,-0.003665,32.54,64.6012951626634
9862,-8.268997,-3.746562,4.290929,-0.006109,0.094684,-0.006414,32.54,64.701541720897
9872,-8.293524,-3.738786,4.291527,-0.007636,0.083994,-0.01237,32.53,64.7450709444437
9882,-8.294122,-3.749553,4.287939,-0.00733,0.073915,-0.016799,32.53,64.7756369689106
9892,-8.313264,-3.719643,4.282554,-0.006872,0.062156,-0.021533,32.51,64.8159609755946
9902,-8.321639,-3.738786,4.278965,-0.00672,0.050244,-0.027794,32.51,64.8718681299399
9912,-8.325229,-3.745964,4.273581,-0.007025,0.038026,-0.034208,32.52,64.9145833433084
9922,-8.327023,-3.738187,4.28076,-0.007178,0.026114,-0.041539,32.52,64.8738929452888
9932,-8.326425,-3.741776,4.276572,-0.007025,0.014203,-0.048106,32.53,64.8976764343716
9942,-8.313264,-3.737589,4.278965,-0.006567,0.002749,-0.053909,32.53,64.8522244591202
9952,-8.297711,-3.734,4.282554,-0.005956,-0.008552,-0.060018,32.51,64.7958089380407
9962,-8.306684,-3.732205,4.288536,-0.006261,-0.018784,-0.065821,32.51,64.7830532123182
9972,-8.296515,-3.720241,4.288536,-0.005192,-0.028711,-0.070402,32.48,64.7486299930807
9982,-8.299506,-3.720241,4.293921,-0.005192,-0.038179,-0.075442,32.48,64.7275173364573
9992,-8.285149,-3.715455,4.305884,-0.004734,-0.046578,-0.079718,32.51,64.6291851810037
10002,-8.25165,-3.731009,4.309474,-0.004276,-0.054367,-0.08262,32.51,64.5515161660116
10012,-8.237292,-3.736392,4.307081,-0.001374,-0.066432,-0.083383,32.5,64.537189057776
10022,-8.222935,-3.738187,4.313063,-0.000153,-0.071624,-0.08323,32.5,64.4759303740812
10032,-8.212766,-3.741776,4.316054,0.00168,-0.075289,-0.079565,32.5,64.4412993063864
10042,-8.17448,-3.738786,4.314857,0.002902,-0.077733,-0.076511,32.52,64.3580801701386
10052,-8.160722,-3.74716,4.320839,0.006109,-0.079871,-0.071471,32.52,64.304635124912
10062,-8.159525,-3.744768,4.316652,0.009621,-0.081551,-0.065515,32.52,64.3211341760156
10072,-8.13799,-3.748357,4.321437,0.011759,-0.082467,-0.059407,32.52,64.2512025198455
10082,-8.129017,-3.765106,4.329813,0.015119,-0.081245,-0.050091,32.5,64.2049508267319
10092,-8.120642,-3.766901,4.33041,0.018326,-0.080481,-0.04215,32.5,64.1846953772988
10102,-8.117052,-3.764508,4.341179,0.021228,-0.078038,-0.032376,32.47,64.1181474531224
10112,-8.120044,-3.766901,4.345964,0.024129,-0.076205,-0.023824,32.47,64.1027117444936
10122,-8.118848,-3.77408,4.35733,0.027794,-0.07254,-0.014203,32.5,64.0487500607197
10132,-8.109276,-3.774678,4.359723,0.031765,-0.067959,-0.005345,32.5,64.0151274191011
10142,-8.101499,-3.78066,4.372285,0.034056,-0.062919,0.003207,32.54,63.9387108914558
10152,-8.105686,-3.778865,4.38066,0.036652,-0.057727,0.011301,32.54,63.9030984760299
10162,-8.110473,-3.789035,4.395615,0.038637,-0.052534,0.017104,32.54,63.8477710976282
10172,-8.099705,-3.783053,4.401597,0.040012,-0.046273,0.022755,32.54,63.7857541684316
10182,-8.117651,-3.788436,4.417151,0.041692,-0.030696,0.031612,32.51,63.752681387594
10192,-8.119445,-3.794419,4.423133,0.043219,-0.021991,0.034361,32.47,63.7324632255721
10202,-8.11466,-3.793222,4.432704,0.044593,-0.012523,0.035736,32.47,63.6709756293572
10212,-8.124829,-3.792026,4.442873,0.043524,-0.002749,0.035736,32.5,63.6409027344269
10222,-8.13141,-3.795017,4.438088,0.043371,0.008094,0.03543,32.5,63.6838099018959
10232,-8.143971,-3.78724,4.452445,0.042608,0.018937,0.033292,32.5,63.630785014763
10242,-8.136195,-3.790829,4.459025,0.041692,0.030849,0.031307,32.5,63.5830288105873
10252,-8.136793,-3.786044,4.46381,0.040317,0.043066,0.028253,32.51,63.5547748675954
10262,-8.146963,-3.78066,4.462016,0.038637,0.054978,0.025656,32.51,63.5816450129417
10272,-8.159525,-3.791427,4.470989,0.036957,0.06689,0.021686,32.51,63.5762323857261
10282,-8.163713,-3.780062,4.4674,0.034056,0.079107,0.017715,32.51,63.592070571093
10292,-8.170892,-3.78066,4.456632,0.031307,0.090713,0.012217,32.58,63.6642400816882
10302,-8.17807,-3.778865,4.45065,0.028253,0.102014,0.008247,32.58,63.7093845450199
10312,-8.195418,-3.771687,4.447061,0.026573,0.111636,0.003512,32.52,63.7598780127121
10322,-8.194221,-3.777071,4.445267,0.02306,0.121715,-0.002443,32.52,63.771978476082
10332,-8.203195,-3.778267,4.421937,0.020464,0.129503,-0.007178,32.51,63.9130043001923
10342,-8.203793,-3.77408,4.401597,0.017257,0.135612,-0.011301,32.51,64.0141651290394
10352,-8.224131,-3.762115,4.400999,0.014508,0.140346,-0.020006,32.5,64.0509150448685
10362,-8.238488,-3.760919,4.377669,0.008094,0.14508,-0.025351,32.53,64.2017138534999
10372,-8.236693,-3.754937,4.354938,0.005345,0.144011,-0.028558,32.53,64.3082265871572
10382,-8.255836,-3.747759,4.338786,0.002749,0.141415,-0.031612,32.56,64.426911436703
10392,-8.258827,-3.75733,4.319045,0.000305,0.137445,-0.036194,32.56,64.5448901815528
10402,-8.274979,-3.742973,4.298108,-0.002138,0.131489,-0.03879,32.5,64.6742036270311
10412,-8.283952,-3.739982,4.293921,-0.004429,0.122478,-0.041539,32.5,64.7127082257427
10422,-8.274979,-3.731009,4.289135,-0.006109,0.11301,-0.043524,32.54,64.7084699036279
10432,-8.288139,-3.735795,4.265206,-0.007789,0.10064,-0.043982,32.54,64.8659518735029
10442,-8.283354,-3.739982,4.255635,-0.008399,0.087812,-0.045815,32.53,64.9090199250614
10452,-8.288737,-3.733402,4.242475,-0.008705,0.073762,-0.047647,32.53,64.9824218545447
10462,-8.297112,-3.720241,4.229314,-0.009316,0.058338,-0.048564,32.53,65.0559828037608
10472,-8.286943,-3.72383,4.22393,-0.008399,0.04215,-0.0478,32.53,65.0650702928957
10482,-8.279166,-3.728018,4.221537,-0.007636,0.025504,-0.047189,32.51,65.0645218025013
10492,-8.286943,-3.720241,4.22094,-0.006567,0.009163,-0.04612,32.51,65.0770331853092
10502,-8.282756,-3.716652,4.214359,-0.005498,-0.007636,-0.044746,32.51,65.0984378963709
10512,-8.27139,-3.729214,4.21735,-0.003665,-0.024282,-0.043677,32.51,65.0703335262553
10522,-8.260024,-3.722634,4.224528,-0.001985,-0.039554,-0.04215,32.52,65.0014604615836
10532,-8.256434,-3.720839,4.235895,0.002596,-0.068875,-0.037721,32.53,64.9327079777474
10542,-8.243275,-3.720839,4.243671,0.00504,-0.081551,-0.035736,32.53,64.8631642606384
10552,-8.252247,-3.723232,4.254438,0.007483,-0.092852,-0.033903,32.51,64.8296257137594
10562,-8.22772,-3.726821,4.271787,0.009927,-0.102625,-0.031612,32.51,64.6886842767126
10572,-8.219944,-3.728616,4.28734,0.012523,-0.110414,-0.029932,32.56,64.5925218374972
10582,-8.203195,-3.726223,4.293921,0.015424,-0.117439,-0.027489,32.56,64.5183959045362
10592,-8.204989,-3.729214,4.317849,0.018784,-0.121562,-0.025962,32.5,64.4016364847418
10602,-8.17807,-3.726223,4.32742,0.02138,-0.124158,-0.024587,32.5,64.2881723799035
10612,-8.181061,-3.734598,4.352544,0.023366,-0.123547,-0.022144,32.55,64.1737761930702
10622,-8.17448,-3.731607,4.366303,0.025809,-0.121868,-0.020617,32.55,64.0846894033857
10632,-8.164311,-3.744169,4.377071,0.027794,-0.118508,-0.018631,32.48,64.0190753265827
10642,-8.155338,-3.741776,4.386642,0.029627,-0.113621,-0.01741,32.48,63.946714767484
10652,-8.142776,-3.748357,4.405187,0.031612,-0.106596,-0.017104,32.52,63.8293078470541
10662,-8.132606,-3.750151,4.421339,0.032681,-0.098349,-0.01573,32.52,63.7246761563123
10672,-8.137392,-3.759723,4.435097,0.033139,-0.087812,-0.014355,32.51,63.6751954492143
10682,-8.12782,-3.762115,4.443472,0.034361,-0.076664,-0.012523,32.51,63.6126501974171
10692,-8.117651,-3.75733,4.466204,0.034514,-0.064446,-0.01237,32.5,63.4673292935687
10702,-8.11466,-3.766901,4.467998,0.033903,-0.036194,-0.011301,32.5,63.4614895847875
10712,-8.108678,-3.778865,4.469195,0.032529,-0.022755,-0.011301,32.48,63.4543853650788
10722,-8.106883,-3.779463,4.472784,0.03146,-0.009163,-0.009774,32.54,63.4324719669652
10732,-8.111669,-3.784847,4.473382,0.030391,0.005345,-0.010385,32.54,63.4463447931612
10742,-8.111669,-3.786044,4.471587,0.030085,0.01909,-0.009468,32.48,63.4568343226841
10752,-8.111669,-3.788436,4.462016,0.0281,0.033598,-0.00901,32.48,63.5084673045299
10762,-8.105686,-3.779463,4.455436,0.025962,0.046426,-0.007789,32.51,63.5186632339611
10772,-8.122437,-3.786642,4.456632,0.024282,0.059254,-0.007789,32.51,63.559032631528
10782,-8.134401,-3.78724,4.456632,0.021838,0.069791,-0.008399,32.54,63.5872919405381
10792,-8.129017,-3.800999,4.432704,0.020464,0.08094,-0.007789,32.54,63.71235951814
10802,-8.135597,-3.792026,4.429115,0.018937,0.090408,-0.007483,32.52,63.7362719277187
10812,-8.140383,-3.788436,4.422534,0.017868,0.098197,-0.006261,32.52,63.7772064236492
10822,-8.151749,-3.781856,4.398008,0.016341,0.105527,-0.00672,32.54,63.9222741993384
10832,-8.163115,-3.790829,4.395615,0.014661,0.111483,-0.006414,32.54,63.9699923477296
10842,-8.179267,-3.791427,4.393821,0.013592,0.115301,-0.006261,32.52,64.016566499395
10852,-8.182856,-3.783651,4.379463,0.012065,0.118813,-0.007789,32.52,64.0903238581938
10862,-8.189436,-3.784847,4.357928,0.011148,0.120951,-0.006872,32.5,64.2172743652483
10872,-8.206185,-3.778865,4.353741,0.009468,0.120799,-0.00901,32.5,64.2703801920227
10882,-8.209177,-3.766303,4.338786,0.007178,0.118202,-0.010537,32.49,64.3411414509882
10892,-8.227122,-3.769892,4.329215,0.00672,0.115759,-0.011912,32.51,64.4344546695765
10902,-8.230114,-3.768098,4.328018,0.005651,0.11133,-0.013897,32.51,64.4454836193979
10912,-8.243872,-3.766901,4.322036,0.004581,0.106901,-0.016035,32.54,64.5058469831166
10922,-8.252846,-3.762714,4.311268,0.003971,0.100793,-0.018173,32.54,64.5770775046376
10932,-8.266603,-3.768098,4.312464,0.002902,0.094684,-0.020464,32.52,64.6070022388871
10942,-8.268997,-3.757928,4.298706,0.002443,0.087354,-0.022907,32.52,64.672895364032
10952,-8.280961,-3.745964,4.296313,0.001069,0.078954,-0.025504,32.53,64.6997436721643
10962,-8.279764,-3.754937,4.293921,0.000916,0.069944,-0.027947,32.53,64.7184276744372
10972,-8.28156,-3.756134,4.289135,-0.000305,0.060934,-0.029169,32.51,64.748272887815
10982,-8.287541,-3.761517,4.289135,0,0.051007,-0.03207,32.51,64.7669076424013
10992,-8.291729,-3.745964,4.282554,-0.000305,0.041386,-0.034056,32.53,64.7945092769553
11002,-8.280961,-3.745365,4.280162,-0.000305,0.030696,-0.036194,32.53,64.7824212099738
11012,-8.289934,-3.742973,4.274179,-0.000458,0.020311,-0.036805,32.49,64.8307490330305
11022,-8.280961,-3.741179,4.278965,-0.000458,0.009927,-0.037415,32.49,64.7844080937566
11032,-8.280362,-3.748955,4.278965,-0.000611,-0.001069,-0.03879,32.49,64.7908675928999
11042,-8.266603,-3.742374,4.27059,0.000611,-0.011606,-0.038637,32.49,64.7970528745802
11052,-8.250452,-3.734,4.282554,0.002138,-0.030849,-0.038637,32.54,64.6908929062831
11062,-8.247462,-3.75075,4.276572,0.002138,-0.041692,-0.038179,32.52,64.7320806848331
11072,-8.248059,-3.73041,4.284349,0.003971,-0.049938,-0.037263,32.52,64.6726580524969
11082,-8.231908,-3.744768,4.288536,0.005651,-0.058338,-0.03543,32.52,64.6294986285229
11092,-8.222935,-3.738187,4.28734,0.00733,-0.065973,-0.03375,32.52,64.6089472242573
11102,-8.204391,-3.732205,4.290331,0.009316,-0.071777,-0.031918,32.49,64.5457983091282
11112,-8.206185,-3.752544,4.289733,0.010843,-0.077885,-0.030085,32.49,64.5737196410931
11122,-8.197212,-3.741179,4.305884,0.013439,-0.082925,-0.027794,32.47,64.4582944761142
11132,-8.188837,-3.753142,4.30409,0.015424,-0.086896,-0.026573,32.47,64.461050168346
11142,-8.188837,-3.748357,4.328018,0.018021,-0.090255,-0.02306,32.52,64.3323224155718
11152,-8.169695,-3.750151,4.33041,0.02138,-0.090713,-0.020311,32.52,64.2785211822021
11162,-8.169695,-3.751348,4.339384,0.023824,-0.09163,-0.01909,32.54,64.2333607155329
11172,-8.161918,-3.754339,4.361517,0.026114,-0.091477,-0.016035,32.54,64.1044961789665
11182,-8.150552,-3.757928,4.368098,0.028253,-0.088575,-0.013897,32.51,64.0483964072019
11192,-8.143373,-3.753741,4.371089,0.030085,-0.085368,-0.011912,32.51,64.012156787322
11202,-8.13141,-3.765106,4.38425,0.032376,-0.080481,-0.009163,32.48,63.9288748040773
11212,-8.122437,-3.755535,4.395017,0.034056,-0.07422,-0.008399,32.48,63.8425732529346
11222,-8.123035,-3.754937,4.407579,0.035125,-0.058643,-0.004887,32.48,63.7785496411337
11232,-8.117651,-3.756134,4.424927,0.037415,-0.048564,-0.003818,32.52,63.6780736967834
11242,-8.113463,-3.757928,4.44407,0.038026,-0.037874,-0.00168,32.52,63.571864332766
11252,-8.116454,-3.771687,4.45065,0.038026,-0.025962,0,32.54,63.559783468639
11262,-8.10808,-3.760321,4.448257,0.037415,-0.014203,0.001222,32.54,63.5404410353854
11272,-8.107481,-3.761517,4.452445,0.036652,-0.000611,0.002138,32.55,63.5188247501126
11282,-8.111071,-3.753741,4.457231,0.036346,0.012981,0.003207,32.55,63.4942183098415
11292,-8.111669,-3.76391,4.465605,0.034361,0.026878,0.004276,32.5,63.4635880627125
11302,-8.113463,-3.771089,4.462614,0.032376,0.040623,0.004734,32.5,63.4908299646681
11312,-8.13141,-3.767499,4.459025,0.029932,0.053451,0.005651,32.51,63.5469439386465
11322,-8.124231,-3.757928,4.459623,0.028405,0.066279,0.006567,32.51,63.5169881037695
11332,-8.132606,-3.765106,4.44048,0.025809,0.078649,0.006414,32.52,63.642261357351
11342,-8.143373,-3.77408,4.445865,0.022755,0.089644,0.006261,32.52,63.6490511456369
11352,-8.150552,-3.761517,4.438088,0.020617,0.099418,0.006261,32.52,63.6920802137015
11362,-8.163713,-3.765705,4.429115,0.018173,0.108581,0.006109,32.52,63.7727889983301
11372,-8.176275,-3.771089,4.42074,0.015424,0.115606,0.005956,32.5,63.8501897834757
11382,-8.184052,-3.761517,4.390232,0.012981,0.120646,0.003971,32.5,64.0144961452907
11392,-8.215756,-3.752544,4.380062,0.01069,0.124769,0.001527,32.54,64.1294093865786
11402,-8.22473,-3.763312,4.361517,0.005192,0.126907,-0.001985,32.51,64.2560872641992
11412,-8.232506,-3.763312,4.349553,0.002902,0.124769,-0.004734,32.51,64.3350934770522
11422,-8.245069,-3.751348,4.336392,0.000458,0.121868,-0.007025,32.51,64.4187486006697
11432,-8.263614,-3.763312,4.323233,-0.001069,0.116828,-0.010232,32.51,64.5400835544212
11442,-8.274381,-3.761517,4.312464,-0.002291,0.110567,-0.014203,32.54,64.6176321147863
11452,-8.273185,-3.753142,4.301697,-0.003818,0.10232,-0.018631,32.54,64.6619586621018
11462,-8.282756,-3.754339,4.295715,-0.005498,0.092852,-0.021991,32.49,64.715215398292
11472,-8.286345,-3.756134,4.295117,-0.007789,0.082314,-0.027184,32.49,64.7280484863212
11482,-8.298907,-3.759125,4.271787,-0.009163,0.070708,-0.031307,32.53,64.8789925659482
11492,-8.295319,-3.749553,4.268795,-0.009163,0.058338,-0.035736,32.53,64.8769753964379
11502,-8.291729,-3.742374,4.265805,-0.009621,0.04612,-0.040623,32.5,64.8773371943516
11512,-8.291131,-3.75075,4.268795,-0.01069,0.033139,-0.045204,32.5,64.8689339313535
11522,-8.298907,-3.746562,4.262814,-0.01069,0.020464,-0.049327,32.47,64.9127682113233
11532,-8.297711,-3.741179,4.266403,-0.010232,0.007178,-0.052687,32.47,64.8862572607765
11542,-8.286943,-3.744768,4.265805,-0.009774,-0.004734,-0.0562,32.54,64.8691602451929
11552,-8.285149,-3.745365,4.278965,-0.009927,-0.016341,-0.059865,32.54,64.7978657083776
11562,-8.2678,-3.742374,4.277769,-0.009163,-0.027947,-0.062766,32.54,64.7626100690269
11572,-8.271988,-3.738786,4.284947,-0.005956,-0.047342,-0.064752,32.48,64.7312379938832
11582,-8.262416,-3.744169,4.299902,-0.004887,-0.055589,-0.06521,32.48,64.6382109664446
11592,-8.242676,-3.75075,4.3005,-0.003665,-0.062766,-0.065973,32.52,64.5977841505797
11602,-8.234302,-3.754937,4.311867,-0.002749,-0.068875,-0.065821,32.52,64.5246695783949
11612,-8.218149,-3.741179,4.314259,-0.000305,-0.073151,-0.063683,32.51,64.4620603462867
11622,-8.213365,-3.746562,4.32742,0.002291,-0.077122,-0.061697,32.51,64.3888626768376
11632,-8.199007,-3.745365,4.338786,0.003818,-0.079412,-0.058338,32.51,64.2965937764478
11642,-8.170892,-3.751348,4.337589,0.007025,-0.080787,-0.05452,32.51,64.2453530996456
11652,-8.175676,-3.75733,4.341777,0.007789,-0.081092,-0.050702,32.5,64.240776446597
11662,-8.160722,-3.749553,4.351348,0.010232,-0.080176,-0.045509,32.5,64.1492803376137
11672,-8.152347,-3.756134,4.362116,0.013592,-0.077427,-0.040623,32.5,64.0814858948946
11682,-8.138588,-3.771089,4.360321,0.016035,-0.074373,-0.034819,32.5,64.0751485339527
11692,-8.132606,-3.766303,4.369893,0.017562,-0.07025,-0.028711,32.5,64.0069905362411
11702,-8.125427,-3.762714,4.367499,0.020311,-0.066126,-0.021533,32.5,63.999145361194
11712,-8.11466,-3.765705,4.373481,0.022144,-0.060628,-0.016646,32.52,63.9467419998794
11722,-8.107481,-3.776472,4.388436,0.023976,-0.05452,-0.009621,32.52,63.8644957986988
11732,-8.095517,-3.781856,4.396811,0.02642,-0.048106,-0.002443,32.51,63.7995271251243
11742,-8.097312,-3.786044,4.399205,0.029474,-0.033598,0.007941,32.51,63.7958052591829
11752,-8.102098,-3.783651,4.400401,0.032834,-0.025809,0.013286,32.5,63.7980716495684
11762,-8.103294,-3.786044,4.406384,0.034361,-0.017868,0.018173,32.51,63.7725425522757
11772,-8.108678,-3.778267,4.409374,0.035583,-0.010079,0.022144,32.51,63.7611724494968
11782,-8.115258,-3.785445,4.417749,0.036652,-0.001222,0.025962,32.5,63.7408914907393
11792,-8.111071,-3.781856,4.421339,0.037568,0.007789,0.029932,32.5,63.7089229368393
11802,-8.129615,-3.788436,4.415954,0.038179,0.016341,0.031612,32.54,63.7863167400597
11812,-8.130214,-3.789633,4.436892,0.038485,0.025198,0.034208,32.54,63.6814201939846
11822,-8.127223,-3.779463,4.428516,0.038332,0.034208,0.033445,32.55,63.7066509590354
11832,-8.142178,-3.777669,4.429713,0.037568,0.043066,0.033139,32.55,63.7329829561336
11842,-8.140981,-3.775874,4.422534,0.037568,0.052382,0.03375,32.55,63.7651848662425
11852,-8.155338,-3.778267,4.432704,0.036652,0.060323,0.03207,32.55,63.7484933428462
11862,-8.166704,-3.778267,4.4339,0.036194,0.069639,0.030238,32.53,63.768423914958
11872,-8.179864,-3.779463,4.434498,0.034667,0.076358,0.027184,32.53,63.7967507506998
11882,-8.183454,-3.775276,4.430311,0.032376,0.084147,0.024587,32.48,63.8219741103388
11892,-8.203793,-3.771687,4.417749,0.030543,0.09163,0.021075,32.48,63.9289109085337
11902,-8.205587,-3.760321,4.415356,0.027489,0.098197,0.01573,32.52,63.9333714849419
11912,-8.231908,-3.762115,4.400401,0.024129,0.106596,0.006414,32.52,64.0715959385728
11922,-8.240881,-3.755535,4.392026,0.019242,0.10965,0.000916,32.53,64.1279905417023
11933,-8.254042,-3.760321,4.38425,0.015424,0.112246,-0.004123,32.49,64.2024297812979
11942,-8.251051,-3.753741,4.39083,0.011759,0.112705,-0.010385,32.49,64.1552415805846
11952,-8.2678,-3.748357,4.368098,0.007941,0.112552,-0.014661,32.53,64.3038875772192
11962,-8.262416,-3.74716,4.356732,0.005345,0.110719,-0.020311,32.53,64.3488707380975
11972,-8.269596,-3.739383,4.34417,0.001374,0.107207,-0.026878,32.5,64.4215679269797
11982,-8.289336,-3.744169,4.329813,-0.002443,0.103084,-0.031307,32.5,64.5442356335739
11992,-8.287541,-3.736991,4.329215,-0.004123,0.096517,-0.035277,32.5,64.5360851961658
12002,-8.292327,-3.742374,4.313661,-0.007025,0.088575,-0.041386,32.5,64.6320874073055
12012,-8.287541,-3.723232,4.295117,-0.00901,0.080023,-0.044288,32.51,64.6977614293937
12022,-8.287541,-3.736991,4.286742,-0.011148,0.069639,-0.047495,32.51,64.7546809246637
12032,-8.285149,-3.726821,4.273581,-0.012523,0.058185,-0.051618,32.5,64.8071424709151
12042,-8.282756,-3.734598,4.260421,-0.014203,0.045968,-0.054214,32.5,64.8775916389509
12052,-8.29472,-3.726821,4.25085,-0.014203,0.03375,-0.055283,32.51,64.9457568201253
12062,-8.274979,-3.719643,4.248456,-0.015272,0.0197,-0.057421,32.51,64.9074233720459
12072,-8.28156,-3.727419,4.235895,-0.014661,0.006109,-0.057421,32.53,64.9947508176363
12082,-8.263015,-3.728018,4.23051,-0.013744,-0.008552,-0.056658,32.53,64.9823646154486
12092,-8.25165,-3.733402,4.232903,-0.011301,-0.036194,-0.055283,32.52,64.9502074476397
12102,-8.243275,-3.729214,4.237091,-0.009316,-0.049327,-0.053756,32.49,64.9057282980173
12112,-8.230114,-3.722036,4.24726,-0.006414,-0.062461,-0.051771,32.49,64.8164703367421
12122,-8.2349,-3.73041,4.25085,-0.003971,-0.073762,-0.04948,32.54,64.8169056198832
12132,-8.218747,-3.742973,4.266403,-0.00168,-0.084299,-0.046426,32.54,64.7129490627358
12142,-8.221141,-3.734,4.27717,0.001833,-0.093462,-0.043219,32.48,64.6533591882849
12152,-8.20798,-3.739383,4.289733,0.005498,-0.101862,-0.040317,32.48,64.5642818832307
12162,-8.19781,-3.743571,4.301099,0.007789,-0.107054,-0.037568,32.48,64.4868694811879
12172,-8.185846,-3.738187,4.319643,0.010843,-0.110414,-0.033139,32.48,64.3583736745739
12182,-8.170892,-3.742374,4.328018,0.013286,-0.11301,-0.029932,32.52,64.2855313027924
12192,-8.165507,-3.749553,4.358526,0.015882,-0.11301,-0.025962,32.52,64.123096680856
12202,-8.165507,-3.747759,4.369295,0.018326,-0.111177,-0.022907,32.54,64.0656557341389
12212,-8.160124,-3.748955,4.386044,0.020617,-0.107054,-0.019853,32.54,63.9682890662214
12222,-8.139186,-3.753741,4.402196,0.022449,-0.102014,-0.017104,32.48,63.8421605622122
12232,-8.14457,-3.759125,4.413561,0.023671,-0.094226,-0.013897,32.48,63.8017472473759
12242,-8.129615,-3.756134,4.425525,0.02474,-0.085674,-0.012981,32.48,63.7026182153868
12252,-8.115258,-3.766901,4.452445,0.025656,-0.075289,-0.010385,32.48,63.542653205256
12262,-8.125427,-3.771687,4.457829,0.024587,-0.049022,-0.008399,32.53,63.54372472942
12272,-8.115856,-3.769892,4.472784,0.024282,-0.034667,-0.007178,32.52,63.44296676028
12282,-8.105088,-3.778865,4.470989,0.024129,-0.020159,-0.007025,32.52,63.4368549117108
12292,-8.110473,-3.765106,4.479962,0.022755,-0.005345,-0.005956,32.54,63.3885160563311
12302,-8.108678,-3.783053,4.478765,0.021838,0.010232,-0.004887,32.54,63.4098926816408
12312,-8.100902,-3.78724,4.473382,0.021686,0.02474,-0.004734,32.48,63.4239493001738
12322,-8.100902,-3.783651,4.470391,0.020159,0.039248,-0.005345,32.48,63.4353853643769
12332,-8.119445,-3.788436,4.452445,0.019242,0.05284,-0.004429,32.51,63.5755211661918
12343,-8.109276,-3.787838,4.462614,0.018021,0.066737,-0.005192,32.51,63.4992137471778
12352,-8.130812,-3.789035,4.446463,0.017104,0.07926,-0.003971,32.51,63.6330594021268
12362,-8.124231,-3.786044,4.426722,0.016799,0.088728,-0.004123,32.51,63.7160343234652
12372,-8.140383,-3.786044,4.423731,0.016035,0.098807,-0.003512,32.51,63.768506842745
12382,-8.148159,-3.794419,4.411169,0.016188,0.10736,-0.001985,32.51,63.8597588802818
12392,-8.140981,-3.793222,4.398008,0.014966,0.113926,-0.000764,32.49,63.9097508522386
12402,-8.151151,-3.792624,4.389633,0.014813,0.11805,-0.001069,32.49,63.9754110203848
12412,-8.175079,-3.793222,4.372883,0.014813,0.121715,0.000153,32.52,64.1165939388015
12422,-8.180463,-3.778865,4.345366,0.014661,0.122784,0.000764,32.52,64.2555157636177
12432,-8.19781,-3.781258,4.34417,0.014661,0.120646,0.003818,32.52,64.3032918405874
12442,-8.217552,-3.791427,4.31725,0.015882,0.117592,0.004123,32.5,64.4968737605558
12452,-8.23131,-3.778267,4.311867,0.015272,0.112705,0.004734,32.5,64.5418311699024
12462,-8.230712,-3.77408,4.31067,0.014661,0.107665,0.00504,32.52,64.5423833406076
12472,-8.240283,-3.773481,4.298706,0.013897,0.100029,0.004123,32.52,64.6248352997444
12482,-8.243275,-3.766901,4.298706,0.013439,0.092241,0.003665,32.48,64.6247952050741
12492,-8.266603,-3.75733,4.302894,0.012675,0.082925,0.00336,32.48,64.6453909005959
12502,-8.28156,-3.765705,4.287939,0.011606,0.073457,0.000764,32.52,64.7640531053797
12512,-8.28455,-3.75733,4.287939,0.009774,0.063377,-0.000764,32.52,64.7622544402983
12522,-8.279764,-3.756732,4.295715,0.008094,0.053451,-0.002596,32.51,64.7109893145424
12532,-8.28156,-3.75075,4.294518,0.007025,0.043524,-0.004734,32.51,64.7151263913407
12542,-8.292327,-3.756732,4.288536,0.00504,0.032376,-0.008247,32.52,64.7757759471935
12552,-8.292327,-3.750151,4.290929,0.00336,0.021075,-0.011606,32.52,64.7568629095184
12562,-8.30489,-3.745964,4.299902,0.001222,0.011454,-0.014203,32.52,64.7342934900967
12572,-8.297112,-3.735795,4.293921,-0.001374,0.001527,-0.017562,32.52,64.7377042198358
12582,-8.298907,-3.742374,4.293322,-0.003207,-0.008399,-0.021533,32.49,64.7513294314266
12592,-8.286345,-3.735795,4.305286,-0.005498,-0.018479,-0.025656,32.49,64.6552863238352
12602,-8.286345,-3.72383,4.306482,-0.006414,-0.027031,-0.032681,32.53,64.6371456965965
12612,-8.276175,-3.734598,4.305884,-0.008094,-0.042913,-0.035125,32.52,64.6283773490417
12622,-8.2678,-3.731009,4.30409,-0.00901,-0.050244,-0.038637,32.52,64.6153514773142
12632,-8.256434,-3.727419,4.311268,-0.009774,-0.056505,-0.041081,32.52,64.5493361122996
12642,-8.26481,-3.725625,4.306482,-0.010385,-0.062461,-0.043066,32.52,64.5909271439731
12652,-8.248658,-3.725625,4.329813,-0.008858,-0.067195,-0.043371,32.53,64.4345079722905
12662,-8.231908,-3.720241,4.33041,-0.008247,-0.07254,-0.044746,32.53,64.3882816388176
12672,-8.220542,-3.737589,4.324429,-0.007636,-0.076053,-0.045051,32.5,64.4112544698772
12682,-8.210373,-3.739383,4.332804,-0.005345,-0.078954,-0.045204,32.5,64.3469632720289
12692,-8.18764,-3.745964,4.334,-0.00336,-0.08094,-0.045357,32.53,64.2962311542138
12702,-8.192427,-3.735196,4.332206,-0.000916,-0.082314,-0.043371,32.53,64.3052041787925
12712,-8.173284,-3.732804,4.338786,0.001222,-0.08262,-0.041692,32.52,64.2253254971096
12722,-8.162517,-3.744768,4.338786,0.004429,-0.082467,-0.039706,32.52,64.2133088397281
12732,-8.155338,-3.739982,4.345964,0.006261,-0.081551,-0.03711,32.52,64.1548594311295
12742,-8.158927,-3.745964,4.362116,0.009316,-0.079565,-0.034208,32.52,64.0858225548478
12752,-8.13799,-3.756134,4.362714,0.011454,-0.076358,-0.031154,32.52,64.0456403633315
12762,-8.132606,-3.762714,4.378268,0.013897,-0.071929,-0.028558,32.52,63.959947751929
12772,-8.123632,-3.754339,4.386642,0.016188,-0.067042,-0.024129,32.47,63.8872660958667
12782,-8.109874,-3.762714,4.40399,0.021228,-0.054062,-0.017562,32.47,63.7750253908047
12792,-8.106285,-3.761517,4.409374,0.023213,-0.047037,-0.014661,32.49,63.7377040213179
12802,-8.101499,-3.766303,4.41057,0.023518,-0.038485,-0.011912,32.51,63.7256213283078
12812,-8.103294,-3.765106,4.417749,0.024893,-0.029474,-0.009316,32.51,63.69147719372
12822,-8.102695,-3.768696,4.423731,0.025504,-0.0197,-0.005498,32.52,63.6631352350065
12832,-8.10808,-3.775874,4.432106,0.025656,-0.009163,-0.003054,32.52,63.6401984941347
12842,-8.105088,-3.77049,4.442276,0.025656,0.002596,0.001374,32.52,63.5751907782408
12852,-8.094321,-3.769294,4.448855,0.025809,0.014661,0.003665,32.52,63.5151127204003
12862,-8.106883,-3.75733,4.443472,0.025504,0.027489,0.006109,32.5,63.5590398924771
12872,-8.116454,-3.771089,4.456632,0.024435,0.038637,0.007789,32.5,63.5284450269675
12882,-8.117052,-3.765106,4.44407,0.021991,0.049938,0.010537,32.51,63.5878807027111
12892,-8.126624,-3.771089,4.451847,0.021991,0.062308,0.012523,32.51,63.5765251312021
12902,-8.130214,-3.765106,4.442873,0.0197,0.07422,0.014813,32.52,63.6244556990487
12912,-8.145168,-3.773481,4.43749,0.018173,0.084452,0.016035,32.52,63.6954881845539
12922,-8.133204,-3.768098,4.43749,0.016188,0.094837,0.016799,32.5,63.662186784479
12932,-8.152347,-3.766303,4.429713,0.013897,0.104458,0.016646,32.5,63.7442584797398
12942,-8.15773,-3.765106,4.408178,0.012065,0.112552,0.017715,32.45,63.8659350057611
12952,-8.189436,-3.766901,4.399803,0.010385,0.125227,0.016799,32.45,63.9832244214405
12962,-8.204391,-3.777071,4.391428,0.005956,0.128893,0.015424,32.53,64.0707978325153
12972,-8.219944,-3.776472,4.386044,0.004123,0.131641,0.013744,32.5,64.13298363444
12982,-8.227122,-3.766901,4.359723,0.00168,0.131641,0.010385,32.5,64.2743953615812
12992,-8.243275,-3.775276,4.345366,-0.000916,0.130267,0.007025,32.51,64.3930556505242
13002,-8.247462,-3.763312,4.331607,-0.003207,0.127365,0.003818,32.51,64.4609378713491
13012,-8.27139,-3.76391,4.32742,-0.004429,0.122326,0.000153,32.53,64.5364885603133
13022,-8.274979,-3.756732,4.309474,-0.005803,0.115759,-0.004734,32.53,64.6295174639975
13032,-8.292327,-3.763312,4.305286,-0.008094,0.108123,-0.008705,32.5,64.696170757728
13042,-8.30489,-3.765705,4.287939,-0.009163,0.098044,-0.013286,32.5,64.8155498585246
13052,-8.316256,-3.747759,4.281956,-0.010079,0.08659,-0.018784,32.49,64.8535085622191
13062,-8.313862,-3.755535,4.269992,-0.010537,0.074067,-0.023671,32.49,64.9175686644126
13072,-8.33121,-3.752544,4.258626,-0.01069,0.060476,-0.028711,32.52,65.0112140689298
13082,-8.319246,-3.764508,4.251448,-0.011301,0.045357,-0.034056,32.52,65.0338494881301
13092,-8.310272,-3.76391,4.256233,-0.011454,0.030238,-0.038332,32.52,64.9889288329015
13102,-8.30489,-3.766303,4.25384,-0.012217,0.015119,-0.043677,32.52,64.9918538172736
13112,-8.317451,-3.760321,4.237091,-0.011606,-0.000611,-0.047342,32.5,65.0998755280961
13122,-8.303694,-3.745365,4.245465,-0.011148,-0.016493,-0.054062,32.5,65.0117023481693
13132,-8.285748,-3.757928,4.25085,-0.01069,-0.047037,-0.055741,32.5,64.9569224690238
13142,-8.270193,-3.746562,4.252644,-0.009621,-0.060323,-0.057116,32.5,64.9020104042568
13152,-8.258827,-3.754937,4.246064,-0.008399,-0.073151,-0.057879,32.5,64.9193802568017
13162,-8.259426,-3.750151,4.266403,-0.007636,-0.085063,-0.05849,32.55,64.8106131020585
13172,-8.253444,-3.739383,4.282554,-0.005803,-0.095142,-0.057116,32.55,64.7029811512558
13182,-8.226524,-3.748955,4.279563,-0.004276,-0.103847,-0.056047,32.53,64.6681732167211
13192,-8.216953,-3.747759,4.3005,-0.003054,-0.111177,-0.053298,32.53,64.5372207528308
13202,-8.201998,-3.745365,4.313661,-0.001527,-0.116523,-0.050855,32.5,64.4331288384274
13212,-8.19123,-3.744169,4.319643,0.000611,-0.119577,-0.047495,32.5,64.3766999081949
13222,-8.181659,-3.759723,4.341179,0.001833,-0.121257,-0.043371,32.52,64.2598947518913
13232,-8.178668,-3.746562,4.350152,0.004123,-0.120951,-0.038332,32.52,64.1931138936538
13242,-8.1679,-3.754937,4.379463,0.005192,-0.118508,-0.034208,32.5,64.026219822881
13252,-8.148159,-3.744169,4.375276,0.006567,-0.11469,-0.030238,32.5,63.9914145598367
13262,-8.134999,-3.751348,4.38425,0.008247,-0.109803,-0.025962,32.54,63.9225300476994
13272,-8.120642,-3.765106,4.398008,0.010232,-0.102473,-0.019853,32.54,63.83320886443
13282,-8.109276,-3.765705,4.404588,0.012523,-0.093921,-0.016493,32.52,63.7737626419596
13292,-8.112864,-3.761517,4.432704,0.013439,-0.083994,-0.012523,32.52,63.6327601237752
13302,-8.109874,-3.755535,4.4339,0.016799,-0.060781,-0.002902,32.53,63.6132718729189
13312,-8.095517,-3.760919,4.44407,0.018021,-0.047953,0.001069,32.54,63.5334496887534
13322,-8.091928,-3.771089,4.451249,0.020159,-0.035736,0.00504,32.54,63.4991910879397
13332,-8.094919,-3.766901,4.442873,0.02138,-0.021991,0.008858,32.5,63.5446752934358
13342,-8.094321,-3.769892,4.448855,0.021838,-0.009316,0.012217,32.5,63.5157593421908
13352,-8.094321,-3.776472,4.448855,0.023671,0.004887,0.015119,32.52,63.522877972573
13362,-8.094321,-3.77049,4.445267,0.025198,0.017562,0.017715,32.52,63.5348530956096
13372,-8.100902,-3.763312,4.446463,0.025656,0.03146,0.020769,32.48,63.5362271780545
13382,-8.095517,-3.77408,4.447061,0.026725,0.043982,0.022755,32.48,63.5322857508095
13392,-8.109276,-3.778865,4.439882,0.027031,0.055589,0.024435,32.48,63.6062068166144
13402,-8.112267,-3.778267,4.439284,0.027031,0.066432,0.025809,32.48,63.6155480171939
13412,-8.129615,-3.775874,4.427918,0.027489,0.076205,0.026267,32.51,63.7113902357027
13422,-8.135597,-3.784249,4.429713,0.0281,0.085827,0.026267,32.51,63.7248838498936
13432,-8.139785,-3.761517,4.424927,0.027184,0.094379,0.027336,32.5,63.7348582828077
13442,-8.143971,-3.775276,4.411767,0.026267,0.100793,0.027794,32.5,63.8267411800847
13452,-8.160124,-3.773481,4.408178,0.025045,0.107818,0.025656,32.54,63.8802655883173
13462,-8.187043,-3.772883,4.393223,0.023518,0.113316,0.024282,32.54,64.0178318562182
13472,-8.209177,-3.773481,4.382454,0.022755,0.119882,0.018784,32.51,64.1239518495627
13482,-8.210971,-3.769892,4.381258,0.018173,0.121868,0.016035,32.49,64.1304206562992
13492,-8.230114,-3.758526,4.368098,0.016035,0.122478,0.012065,32.49,64.2294826839885
13502,-8.239087,-3.753142,4.363312,0.013897,0.122478,0.009468,32.48,64.2687509450402
13512,-8.249854,-3.750151,4.367499,0.009774,0.120035,0.004276,32.48,64.2684379339113
13522,-8.260024,-3.750151,4.345964,0.007178,0.117744,-0.000611,32.51,64.4018379462982
13532,-8.269596,-3.753741,4.341777,0.004123,0.11301,-0.004123,32.51,64.4484147215601
13542,-8.282756,-3.741179,4.325625,0.001069,0.10797,-0.008705,32.56,64.5480777115656
13552,-8.288139,-3.739383,4.328018,-0.00168,0.10232,-0.013134,32.56,64.5459734332893
13562,-8.302496,-3.738187,4.301697,-0.004887,0.095142,-0.018479,32.5,64.7119979446486
13572,-8.291729,-3.744169,4.311268,-0.006872,0.08659,-0.024587,32.5,64.6448647366618
13582,-8.308478,-3.732804,4.295117,-0.009774,0.076816,-0.028863,32.54,64.753740418892
13592,-8.30489,-3.741179,4.284947,-0.011454,0.066737,-0.033445,32.54,64.8064957671339
13602,-8.298308,-3.736991,4.278367,-0.012981,0.056352,-0.036957,32.52,64.821692671433
13612,-8.310272,-3.733402,4.269992,-0.015424,0.044288,-0.041692,32.52,64.8877212154658
13622,-8.306085,-3.736991,4.263412,-0.016493,0.031765,-0.045662,32.54,64.9159912846754
13632,-8.295916,-3.732804,4.261617,-0.017104,0.0197,-0.047953,32.54,64.8986862514326
13642,-8.29472,-3.741776,4.255037,-0.018173,0.006414,-0.05284,32.51,64.9389511893613
13652,-8.29472,-3.736392,4.251448,-0.017562,-0.020311,-0.05452,32.49,64.9521537095314
13662,-8.266603,-3.729812,4.247859,-0.016799,-0.033445,-0.054672,32.49,64.9021178645054
13672,-8.2678,-3.734598,4.255635,-0.015882,-0.046273,-0.0562,32.53,64.8692763742502
13682,-8.263614,-3.741179,4.247859,-0.014661,-0.059101,-0.055894,32.53,64.9068679994051
13692,-8.246863,-3.738187,4.269393,-0.012675,-0.070555,-0.055283,32.5,64.7552171473371
13702,-8.233105,-3.728616,4.261019,-0.010843,-0.081245,-0.053298,32.5,64.7583423981408
13712,-8.23131,-3.747759,4.272983,-0.009621,-0.091019,-0.052534,32.53,64.71169777102
13722,-8.221141,-3.743571,4.275974,-0.006872,-0.099571,-0.04948,32.53,64.6692796355513
13732,-8.210373,-3.755535,4.292724,-0.004734,-0.106596,-0.046731,32.5,64.5706708255115
13742,-8.193623,-3.755535,4.301697,-0.003054,-0.112399,-0.043982,32.5,64.4866642156738
13752,-8.181061,-3.750151,4.324429,-0.000764,-0.116523,-0.040317,32.5,64.335170109867
13762,-8.182856,-3.762115,4.335794,0.001374,-0.119424,-0.037415,32.5,64.2928936559166
13772,-8.165507,-3.756134,4.347759,0.003665,-0.119424,-0.032529,32.51,64.1855717346612
13782,-8.150552,-3.753741,4.359125,0.005803,-0.117439,-0.029474,32.51,64.0903300898267
13792,-8.135597,-3.768696,4.373481,0.007636,-0.115759,-0.026114,32.53,63.997830674112
13802,-8.13799,-3.765106,4.389035,0.009774,-0.110719,-0.021991,32.53,63.9192687662327
13812,-8.123035,-3.765106,4.411767,0.01069,-0.10568,-0.019242,32.47,63.7678171701982
13822,-8.116454,-3.765705,4.425525,0.01405,-0.087965,-0.01237,32.51,63.6824736820927
13832,-8.107481,-3.765705,4.447061,0.014661,-0.07758,-0.010232,32.51,63.5509916330952
13842,-8.09791,-3.768696,4.445865,0.015577,-0.066279,-0.005498,32.51,63.5381676718499
13852,-8.103294,-3.782454,4.453641,0.016035,-0.053298,-0.003054,32.51,63.525568026244
13862,-8.097312,-3.775276,4.454239,0.016646,-0.040012,-0.000611,32.52,63.5008609570904
13872,-8.092526,-3.774678,4.470391,0.016341,-0.025656,0.001069,32.52,63.4061726423908
13882,-8.099107,-3.775276,4.469195,0.016952,-0.010996,0.002596,32.49,63.4282664576673
13892,-8.093722,-3.781258,4.468596,0.016952,0.003818,0.004276,32.49,63.4253093544982
13902,-8.10449,-3.779463,4.466802,0.016493,0.019395,0.007025,32.52,63.4575795662729
13912,-8.110473,-3.77408,4.472784,0.016952,0.034667,0.007789,32.52,63.4349868114657
13922,-8.107481,-3.784847,4.459623,0.017104,0.049022,0.009163,32.49,63.5071589909572
13932,-8.118848,-3.786044,4.459623,0.016493,0.063377,0.01069,32.49,63.5347614910446
13942,-8.124829,-3.780062,4.453641,0.015577,0.076358,0.011759,32.51,63.5728125405084
13952,-8.120642,-3.779463,4.447659,0.014966,0.088881,0.012217,32.51,63.5931795531901
13962,-8.133204,-3.784249,4.4339,0.014661,0.099113,0.012675,32.51,63.6978869785726
13972,-8.149954,-3.766303,4.423133,0.013592,0.108429,0.011606,32.51,63.7725392683503
13982,-8.170293,-3.781258,4.402793,0.013439,0.116217,0.012065,32.48,63.9393564302418
13992,-8.175676,-3.777669,4.381258,0.012675,0.126907,0.012523,32.48,64.0585215014303
14002,-8.181659,-3.779463,4.367499,0.010843,0.129962,0.01237,32.51,64.1447819680756
14012,-8.19781,-3.777071,4.359723,0.009774,0.130725,0.011759,32.49,64.2188392294379
14022,-8.204989,-3.771089,4.342375,0.009468,0.129809,0.010232,32.49,64.3181643006318
14032,-8.215158,-3.760919,4.344768,0.00901,0.127976,0.009468,32.52,64.318229768855
14042,-8.227122,-3.767499,4.322036,0.008705,0.123547,0.009316,32.52,64.4689994263533
14052,-8.248658,-3.769892,4.313661,0.007483,0.117744,0.007789,32.55,64.5627166601304
14062,-8.25165,-3.758526,4.310072,0.005498,0.111636,0.00672,32.55,64.5763208764801
14072,-8.263614,-3.758526,4.298108,0.004429,0.103542,0.004887,32.5,64.6646247324352
14082,-8.261818,-3.752544,4.290929,0.003207,0.094226,0.004123,32.5,64.691622475315
14092,-8.277969,-3.753142,4.287939,0.002291,0.083689,0.002596,32.49,64.7434805558712
14102,-8.280961,-3.751946,4.271787,0.000305,0.072998,0.000764,32.49,64.8322348864571
14112,-8.294122,-3.746562,4.273581,-0.000611,0.061545,-0.001527,32.55,64.8466634775451
14122,-8.299506,-3.743571,4.266403,-0.002138,0.049327,-0.003512,32.55,64.8925928362648
14132,-8.293524,-3.75075,4.265805,-0.00336,0.036805,-0.006109,32.48,64.8896408891242
14142,-8.300103,-3.747759,4.264608,-0.004429,0.024282,-0.008094,32.48,64.9073341581914
14152,-8.307282,-3.74058,4.264608,-0.006261,0.011759,-0.010385,32.53,64.9160143276003
14162,-8.298907,-3.733402,4.27059,-0.007178,-0.000764,-0.016035,32.53,64.8595607900223
14172,-8.306684,-3.735795,4.27717,-0.010232,-0.023671,-0.019395,32.5,64.845175041096
14182,-8.29472,-3.729812,4.287939,-0.009774,-0.034514,-0.021533,32.52,64.7572566975607
14192,-8.289934,-3.733402,4.28734,-0.011301,-0.045815,-0.024435,32.52,64.7533170688719
14202,-8.283354,-3.731607,4.293322,-0.012523,-0.054978,-0.027642,32.49,64.7060826914161
14212,-8.28156,-3.725027,4.299304,-0.012217,-0.063988,-0.031765,32.49,64.6646726336051
14222,-8.265409,-3.729214,4.308876,-0.013744,-0.07086,-0.034361,32.52,64.5835362887453
14232,-8.261818,-3.73041,4.308876,-0.013744,-0.077427,-0.037874,32.52,64.5767226171746
14242,-8.257631,-3.731607,4.318447,-0.014355,-0.082772,-0.041081,32.54,64.5192402734335
14252,-8.248059,-3.736991,4.325027,-0.013134,-0.088117,-0.043219,32.54,64.4693564680898
14262,-8.23131,-3.722634,4.336991,-0.012675,-0.090713,-0.045051,32.52,64.3554413349224
14272,-8.215756,-3.729812,4.334598,-0.013134,-0.092393,-0.047342,32.52,64.340032277493
14282,-8.216354,-3.735795,4.341179,-0.011912,-0.094379,-0.048564,32.55,64.3135765700058
14292,-8.188837,-3.736991,4.347161,-0.01069,-0.094379,-0.049786,32.55,64.2216943302594
14302,-8.189436,-3.735795,4.359723,-0.00901,-0.092699,-0.049633,32.51,64.1570126747044
14312,-8.172088,-3.735795,4.359723,-0.00733,-0.091172,-0.04948,32.51,64.117549936565
14322,-8.158329,-3.735196,4.366303,-0.005345,-0.08827,-0.048869,32.51,64.051573800877
14332,-8.130812,-3.754937,4.377071,-0.004429,-0.083689,-0.047953,32.51,63.9537867250847
14342,-8.111669,-3.745365,4.386642,0,-0.072388,-0.043066,32.49,63.850215449935
14352,-8.111071,-3.753741,4.392026,0.00168,-0.065515,-0.039095,32.51,63.8299445830715
14362,-8.117052,-3.759125,4.401597,0.004276,-0.058032,-0.035125,32.51,63.8000682334852
14372,-8.102098,-3.762115,4.406981,0.007025,-0.050396,-0.031307,32.51,63.7410226430019
14382,-8.09791,-3.768696,4.402793,0.008247,-0.041539,-0.027489,32.51,63.760026889229
14392,-8.096116,-3.772285,4.408776,0.01069,-0.031918,-0.022297,32.52,63.7288749493923
14402,-8.090732,-3.772883,4.408178,0.012675,-0.022755,-0.016188,32.52,63.7201744555084
14412,-8.087741,-3.775874,4.416552,0.015119,-0.012523,-0.010843,32.48,63.6732924828476
14422,-8.090134,-3.772285,4.411767,0.016952,-0.00168,-0.005192,32.48,63.6996323018949
14432,-8.084151,-3.773481,4.421339,0.018173,0.008552,0.000153,32.52,63.6377186315046
14442,-8.09133,-3.780062,4.420142,0.01909,0.019853,0.005498,32.52,63.667602673297
14452,-8.095517,-3.78066,4.435097,0.02138,0.030849,0.010385,32.53,63.6009259489589
14462,-8.111669,-3.777071,4.428516,0.021991,0.041692,0.014966,32.53,63.6682366398836
14472,-8.10449,-3.774678,4.422534,0.022602,0.051924,0.019548,32.55,63.6798773781414
14482,-8.113463,-3.77408,4.424329,0.021838,0.062308,0.023213,32.55,63.6907032024515
14492,-8.126026,-3.778267,4.423133,0.02138,0.072235,0.026878,32.53,63.7302828013489
14502,-8.156534,-3.778267,4.430311,0.020617,0.081551,0.029627,32.53,63.7635079088092
14512,-8.163713,-3.781258,4.417151,0.017715,0.098197,0.031918,32.51,63.8506268911899
14522,-8.17448,-3.783651,4.412365,0.016341,0.104458,0.031918,32.5,63.902295701363
14532,-8.189436,-3.783053,4.408776,0.013592,0.110108,0.031612,32.5,63.9541342262199
14542,-8.202596,-3.777071,4.394419,0.011301,0.114232,0.030391,32.48,64.0513841885129
14552,-8.210971,-3.775276,4.389035,0.008858,0.117286,0.027642,32.48,64.0961066930779
14562,-8.221141,-3.769294,4.382454,0.006872,0.119119,0.024282,32.51,64.1466587015994
14572,-8.23789,-3.768696,4.369295,0.004123,0.120035,0.020006,32.51,64.2513293249698
14582,-8.259426,-3.768098,4.35733,0.001374,0.118813,0.016341,32.53,64.360452944594
14592,-8.258827,-3.771687,4.348955,-0.000764,0.115759,0.01069,32.53,64.4057529364973
14602,-8.280362,-3.775874,4.343571,-0.002749,0.110567,0.004887,32.5,64.4856963293484
14612,-8.288139,-3.763312,4.331009,-0.005498,0.104763,-0.000764,32.5,64.554726929776
14622,-8.306085,-3.765106,4.3005,-0.007178,0.096517,-0.006872,32.52,64.7529899227636
14632,-8.299506,-3.754937,4.302894,-0.008094,0.087812,-0.013134,32.52,64.7159619103466
14642,-8.301898,-3.762115,4.288536,-0.01069,0.077274,-0.018784,32.48,64.8022934458544
14652,-8.30489,-3.759125,4.276572,-0.011454,0.066737,-0.024282,32.48,64.8675065743546
14662,-8.30489,-3.758526,4.262215,-0.011912,0.054214,-0.030391,32.5,64.9409148912668
14672,-8.309077,-3.74716,4.253242,-0.011454,0.041081,-0.035125,32.5,64.9851325911038
14682,-8.317451,-3.747759,4.253242,-0.011912,0.012065,-0.044135,32.5,65.0041005293898
14692,-8.294122,-3.749553,4.254438,-0.011912,-0.002596,-0.046731,32.52,64.9484603712337
14702,-8.301898,-3.756732,4.248456,-0.010385,-0.017104,-0.050549,32.52,65.0035789677596
14712,-8.289336,-3.753142,4.248456,-0.009163,-0.031918,-0.052534,32.51,64.9724191215877
14722,-8.282157,-3.745365,4.25384,-0.007941,-0.045662,-0.054214,32.51,64.9210263282291
14732,-8.27139,-3.75733,4.256233,-0.00672,-0.058796,-0.054978,32.5,64.89686545166
14742,-8.261818,-3.748357,4.264608,-0.005345,-0.07086,-0.05452,32.5,64.8233916259898
14752,-8.242676,-3.741179,4.267599,-0.003207,-0.081551,-0.052993,32.53,64.7582145398872
14762,-8.228917,-3.739383,4.272983,-0.002291,-0.091783,-0.052382,32.53,64.6978754024607
14772,-8.22473,-3.739383,4.290929,-0.000916,-0.100029,-0.050855,32.49,64.5956035475695
14782,-8.209774,-3.746562,4.308277,-0.000153,-0.106901,-0.047342,32.49,64.4796770749942
14792,-8.199007,-3.752544,4.308277,0.001985,-0.111941,-0.043524,32.5,64.461629661961
14802,-8.181659,-3.744768,4.338786,0.003971,-0.114995,-0.039095,32.5,64.256729116686
14812,-8.176873,-3.742973,4.334598,0.004887,-0.116217,-0.035125,32.49,64.2656693076387
14822,-8.164311,-3.751348,4.359125,0.005345,-0.115301,-0.032376,32.49,64.1191593171415
14832,-8.152946,-3.736991,4.369893,0.006261,-0.113163,-0.028405,32.53,64.0226152432626
14842,-8.133204,-3.749553,4.408776,0.007483,-0.108123,-0.023213,32.53,63.7900779738743
14852,-8.129017,-3.75733,4.405785,0.007483,-0.10232,-0.014661,32.5,63.8041088725404
14862,-8.10808,-3.75075,4.426722,0.008705,-0.084758,-0.010232,32.53,63.6409328553843
14872,-8.107481,-3.747759,4.435097,0.009468,-0.074067,-0.005192,32.53,63.5932279427854
14882,-8.108678,-3.755535,4.448257,0.010537,-0.062614,-0.002291,32.5,63.5366816897748
14892,-8.097312,-3.752544,4.448855,0.010385,-0.049633,0.000916,32.5,63.5039809953453
14902,-8.096714,-3.751348,4.445865,0.010843,-0.036041,0.003818,32.51,63.5166792449119
14912,-8.09791,-3.75733,4.457231,0.011148,-0.022602,0.007025,32.51,63.4674837702916
14922,-8.096116,-3.757928,4.453043,0.012065,-0.008705,0.00901,32.5,63.4854765278561
14932,-8.105686,-3.772285,4.461418,0.013286,0.005803,0.010385,32.5,63.4802097578538
14942,-8.103892,-3.765106,4.45065,0.013286,0.020311,0.012828,32.48,63.5235830460696
14952,-8.102695,-3.758526,4.456632,0.013286,0.033445,0.014966,32.48,63.4829799212352
14962,-8.116454,-3.759723,4.455436,0.014508,0.04612,0.015119,32.5,63.5223586150613
14972,-8.121839,-3.76391,4.443472,0.015119,0.058643,0.016035,32.5,63.6007437962566
14982,-8.13141,-3.769892,4.439882,0.016035,0.070555,0.016952,32.49,63.6476875563023
14992,-8.126026,-3.766901,4.421937,0.01741,0.080481,0.016952,32.49,63.724283784636
15002,-8.13799,-3.762115,4.419543,0.01741,0.089644,0.016799,32.46,63.7590368815212
15012,-8.148159,-3.775874,4.41416,0.017715,0.098044,0.016646,32.46,63.824675863581
15022,-8.17149,-3.764508,4.392026,0.01909,0.104916,0.016035,32.5,63.9797878967777
15032,-8.182258,-3.775276,4.381258,0.018937,0.114385,0.014661,32.5,64.0709602434752
15042,-8.187043,-3.759125,4.377669,0.018326,0.116523,0.012523,32.49,64.0834052169494
15052,-8.201998,-3.757928,4.362714,0.017562,0.117744,0.011606,32.47,64.1930300151543
15062,-8.207382,-3.766901,4.362116,0.017104,0.117133,0.010079,32.47,64.2175800845897
15072,-8.221141,-3.769294,4.356134,0.01573,0.115454,0.007483,32.51,64.2818480668194
15082,-8.226524,-3.759723,4.336392,0.014813,0.111788,0.004887,32.51,64.3857021011746
15092,-8.249256,-3.762714,4.335197,0.013134,0.107512,0.002291,32.48,64.4458724017049
15102,-8.257033,-3.759125,4.31725,0.011148,0.102778,0.000153,32.48,64.5519529304835
15112,-8.266603,-3.745964,4.313063,0.00901,0.0956,-0.003665,32.47,64.5815240252077
15122,-8.278568,-3.752544,4.314857,0.005956,0.088117,-0.005956,32.47,64.6055734479871
15132,-8.285748,-3.75075,4.307081,0.003971,0.079718,-0.009316,32.51,64.65972962611
15142,-8.285149,-3.74716,4.306482,0.00168,0.07025,-0.013592,32.51,64.6578754037949
15152,-8.293524,-3.74716,4.284947,-0.001527,0.060628,-0.016952,32.48,64.7873391300707
15162,-8.293524,-3.74716,4.284947,-0.004276,0.050549,-0.021228,32.48,64.7873391300707
15172,-8.298308,-3.742973,4.281358,-0.006567,0.039706,-0.023976,32.53,64.8122318241438
15182,-8.302496,-3.733402,4.284349,-0.008858,0.028711,-0.028253,32.53,64.7965477198124
15192,-8.30489,-3.741179,4.283751,-0.011912,0.017715,-0.032376,32.47,64.8126560258132
15202,-8.292925,-3.739982,4.283751,-0.013439,-0.005651,-0.037415,32.47,64.7850114054021
15212,-8.286943,-3.739383,4.282554,-0.014966,-0.015577,-0.04047,32.53,64.7773433129228
15222,-8.287541,-3.742973,4.281358,-0.016341,-0.026114,-0.042761,32.48,64.7884232818889
15232,-8.280362,-3.748955,4.278965,-0.017562,-0.036194,-0.043982,32.48,64.7908675928999
15242,-8.260622,-3.750151,4.28076,-0.017868,-0.045815,-0.045968,32.49,64.7390553543525
15252,-8.263015,-3.743571,4.299304,-0.01741,-0.055436,-0.047342,32.49,64.6420255745874
15262,-8.252247,-3.75075,4.302295,-0.016799,-0.06353,-0.048411,32.49,64.6098664187941
15272,-8.246264,-3.750151,4.296313,-0.015882,-0.070402,-0.049175,32.49,64.6267962965881
15282,-8.246264,-3.757928,4.308876,-0.014508,-0.077122,-0.048564,32.52,64.5698662312261
15292,-8.238488,-3.754339,4.309474,-0.012675,-0.08262,-0.048106,32.52,64.5457660010009
15302,-8.216953,-3.751946,4.322634,-0.011148,-0.087048,-0.047495,32.53,64.4271569944269
15312,-8.205587,-3.763312,4.323233,-0.008858,-0.090866,-0.045968,32.53,64.4102128478848
15322,-8.200802,-3.75733,4.332206,-0.007025,-0.093157,-0.04444,32.51,64.3469547360955
15332,-8.190034,-3.756134,4.339384,-0.004581,-0.095448,-0.043219,32.51,64.284370139061
15342,-8.176275,-3.756732,4.350152,-0.001833,-0.095142,-0.040928,32.47,64.1982693998463
15352,-8.148758,-3.761517,4.354339,0.000305,-0.093921,-0.03879,32.47,64.1191386456708
15362,-8.160722,-3.761517,4.380062,0.002596,-0.091935,-0.035583,32.48,64.0136726910222
15372,-8.145766,-3.759723,4.388436,0.004581,-0.087965,-0.030085,32.48,63.9344631437673
15382,-8.126026,-3.77408,4.389633,0.008247,-0.078191,-0.026573,32.52,63.8983085951015
15392,-8.126624,-3.769892,4.396214,0.010385,-0.070708,-0.022449,32.52,63.8612925737667
15402,-8.117651,-3.769892,4.413561,0.012065,-0.063072,-0.018784,32.52,63.7512952982044
15413,-8.120044,-3.775276,4.412365,0.012675,-0.054672,-0.016952,32.5,63.7687195570149
15422,-8.10808,-3.765106,4.417749,0.014203,-0.044593,-0.012828,32.5,63.7025309254165
15432,-8.107481,-3.77049,4.429713,0.015424,-0.034361,-0.009163,32.53,63.6453342488014
15442,-8.095517,-3.767499,4.438686,0.016493,-0.02306,-0.00504,32.53,63.5682476693258
15452,-8.101499,-3.775874,4.441677,0.017257,-0.01069,-0.002291,32.47,63.5757642296655
15462,-8.105686,-3.774678,4.439882,0.017562,0.000764,0.000611,32.47,63.5933934036311
15472,-8.103294,-3.784249,4.448257,0.018173,0.012981,0.002138,32.48,63.5551546875206
15482,-8.102098,-3.769892,4.445267,0.018937,0.025504,0.005803,32.48,63.5522444903197
15492,-8.109276,-3.777669,4.443472,0.018631,0.037721,0.009316,32.52,63.586473097876
15502,-8.105088,-3.777669,4.445865,0.01909,0.050702,0.011606,32.52,63.5644882526906
15512,-8.117052,-3.769892,4.442873,0.018326,0.06185,0.01237,32.52,63.599167675682
15522,-8.121839,-3.77408,4.4339,0.018173,0.073762,0.014966,32.52,63.6608137235764
15532,-8.123632,-3.77049,4.430909,0.017868,0.084605,0.016341,32.5,63.6764740355058
15542,-8.14457,-3.778267,4.415954,0.01741,0.093768,0.018784,32.5,63.8097739621539
15552,-8.159525,-3.767499,4.405785,0.01741,0.109498,0.020769,32.53,63.8848710860978
15562,-8.167302,-3.766303,4.391428,0.016799,0.115759,0.021991,32.53,63.97519954483
15572,-8.168499,-3.763312,4.378268,0.016341,0.120493,0.022755,32.53,64.0425218687726
15582,-8.193623,-3.765705,4.378866,0.015577,0.123547,0.021533,32.51,64.0990498549104
15592,-8.199606,-3.758526,4.368696,0.01573,0.125991,0.020464,32.51,64.1574506235159
15602,-8.204391,-3.767499,4.353741,0.014813,0.126296,0.020006,32.53,64.2545509683931
15612,-8.219944,-3.764508,4.347759,0.014355,0.125686,0.0197,32.53,64.3173035523216
15622,-8.2349,-3.751348,4.339982,0.013286,0.12202,0.016799,32.5,64.3774477705055
15632,-8.245667,-3.753741,4.319643,0.012523,0.117897,0.014661,32.5,64.5087722798936
15642,-8.254042,-3.754339,4.314259,0.011148,0.111788,0.013286,32.51,64.5558284484562
15652,-8.263614,-3.759723,4.305286,0.009468,0.104763,0.010079,32.51,64.628839731888
15662,-8.277969,-3.748357,4.28734,0.008705,0.09499,0.006261,32.53,64.7417649247622
15672,-8.280961,-3.75075,4.292126,0.007483,0.085674,0.004429,32.53,64.7261248201496
15682,-8.289336,-3.748955,4.281358,0.005651,0.074526,0.001222,32.53,64.7983736021436
15692,-8.291729,-3.746562,4.269393,0.004429,0.062156,-0.002138,32.53,64.8629898490507
15702,-8.303694,-3.734598,4.265206,0.002443,0.048411,-0.005803,32.49,64.899092556181
15712,-8.306085,-3.75075,4.261019,0.000305,0.034972,-0.009316,32.49,64.941985098131
15722,-8.310871,-3.738786,4.260421,-0.001222,0.006872,-0.016952,32.55,64.9437369132719
15732,-8.310871,-3.741776,4.264608,-0.003818,-0.007483,-0.020311,32.54,64.9250992618926
15742,-8.306085,-3.733402,4.256233,-0.005345,-0.021991,-0.023824,32.54,64.9494945575087
15752,-8.300702,-3.724428,4.259224,-0.006109,-0.034819,-0.027336,32.54,64.9133025292239
15762,-8.293524,-3.734598,4.268795,-0.008399,-0.047953,-0.029932,32.54,64.8581242638005
15772,-8.294122,-3.728018,4.277769,-0.009621,-0.059407,-0.032376,32.5,64.8065886560002
15782,-8.283354,-3.719045,4.285545,-0.009927,-0.071013,-0.035583,32.5,64.7336446565812
15792,-8.275578,-3.723232,4.292126,-0.010843,-0.080634,-0.038332,32.5,64.6865787956991
15802,-8.258827,-3.732804,4.293921,-0.011759,-0.089492,-0.040928,32.5,64.6496193605689
15812,-8.248059,-3.731009,4.313661,-0.01237,-0.095906,-0.042608,32.52,64.5218812278878
15822,-8.242676,-3.735196,4.319643,-0.012981,-0.102778,-0.045204,32.52,64.483216791994
15832,-8.233703,-3.732804,4.329813,-0.01237,-0.107512,-0.047495,32.5,64.4081998066532
15842,-8.216354,-3.734598,4.34417,-0.012675,-0.110567,-0.048717,32.5,64.2969298920575
15852,-8.20798,-3.74058,4.353143,-0.011759,-0.111788,-0.050549,32.47,64.2379155796877
15862,-8.198408,-3.736991,4.364508,-0.011148,-0.112094,-0.051313,32.47,64.1539696994928
15872,-8.193623,-3.744169,4.375875,-0.01069,-0.111636,-0.051313,32.47,64.0920209881516
15882,-8.176275,-3.745365,4.385446,-0.008858,-0.107818,-0.051771,32.47,64.0044968610719
15892,-8.153543,-3.742374,4.39083,-0.007178,-0.103236,-0.051313,32.52,63.9216503264798
15902,-8.125427,-3.752544,4.41057,-0.00504,-0.090103,-0.049786,32.49,63.7661045725056
15912,-8.126624,-3.760321,4.415356,-0.003207,-0.082009,-0.047953,32.49,63.7525020574064
15922,-8.11466,-3.753142,4.418347,-0.001374,-0.073609,-0.045968,32.49,63.7018420104716
15932,-8.098508,-3.75733,4.426722,0.000153,-0.062919,-0.04383,32.49,63.6258216648979
15942,-8.096116,-3.769892,4.424329,0.002749,-0.051924,-0.041233,32.47,63.6461287573608
15952,-8.103294,-3.768098,4.438686,0.004429,-0.040317,-0.038179,32.47,63.5869166880859
15962,-8.088937,-3.758526,4.436294,0.006109,-0.028253,-0.03375,32.5,63.5556054249559
15972,-8.081161,-3.769294,4.438686,0.007636,-0.015424,-0.029016,32.5,63.5368691272564
15982,-8.070992,-3.768098,4.436294,0.008705,-0.003207,-0.024587,32.5,63.5242569570949
15992,-8.080563,-3.760321,4.435097,0.009621,0.009927,-0.019548,32.5,63.5442519366808
16002,-8.068,-3.779463,4.432106,0.011606,0.022144,-0.014508,32.5,63.5512432751212
16012,-8.085348,-3.781258,4.432704,0.012981,0.03543,-0.008552,32.5,63.5903469600377
16022,-8.076973,-3.772883,4.429115,0.014203,0.047647,-0.002749,32.49,63.5803460440588
16032,-8.089535,-3.777071,4.431507,0.01573,0.059559,0.003054,32.49,63.6016763677033
16042,-8.099107,-3.786044,4.432704,0.015882,0.071471,0.008705,32.48,63.6273544415421
16052,-8.094919,-3.782454,4.421339,0.016799,0.081092,0.01405,32.48,63.6723078986325
16062,-8.115856,-3.787838,4.412365,0.016341,0.089797,0.018326,32.57,63.7725448306205
16072,-8.125427,-3.775874,4.403392,0.017104,0.106596,0.027947,32.57,63.8279347880318
16082,-8.148159,-3.777071,4.38724,0.016799,0.11301,0.031001,32.52,63.9644360923649
16092,-8.154141,-3.775276,4.389633,0.015882,0.117744,0.033903,32.48,63.9638693833505
16102,-8.179864,-3.783053,4.381856,0.015272,0.12202,0.037415,32.48,64.0706054603148
16112,-8.190034,-3.77408,4.375276,0.01405,0.124769,0.037263,32.5,64.1181116885278
16122,-8.198408,-3.783651,4.359125,0.013286,0.125686,0.036957,32.5,64.2301141583833
16132,-8.231908,-3.774678,4.361517,0.012065,0.125075,0.036499,32.49,64.2839635573492
16142,-8.230712,-3.769294,4.345964,0.011148,0.123395,0.034056,32.49,64.3556699405889
16152,-8.248059,-3.768098,4.347161,0.009621,0.120188,0.031918,32.52,64.3871935186793
16162,-8.266603,-3.766901,4.333402,0.007941,0.115454,0.028405,32.52,64.4981147757786
16172,-8.279764,-3.76391,4.320241,0.006567,0.109498,0.02474,32.49,64.5920192469803
16182,-8.282756,-3.765705,4.312464,0.005345,0.103084,0.020006,32.49,64.6404568203379
16192,-8.308478,-3.768098,4.311268,0.003665,0.094226,0.014966,32.49,64.7059578836909
16202,-8.313264,-3.761517,4.298706,0.001833,0.084452,0.00733,32.49,64.7744641573062
16212,-8.318049,-3.765106,4.288536,0.000611,0.074678,0.00168,32.53,64.8408545539324
16222,-8.324032,-3.756732,4.284349,-0.000305,0.062919,-0.003818,32.53,64.867216768681
16232,-8.320443,-3.738786,4.274179,-0.001069,0.050702,-0.01069,32.51,64.8938784840735
16242,-8.332406,-3.748357,4.262814,-0.002443,0.025351,-0.023671,32.51,64.9881344313659
16252,-8.315658,-3.754339,4.267001,-0.004123,0.011148,-0.030391,32.5,64.9357383673679
16262,-8.323434,-3.746562,4.265805,-0.00504,-0.003054,-0.034667,32.48,64.9512774394033
16272,-8.304291,-3.749553,4.265805,-0.004887,-0.016799,-0.040012,32.48,64.9121621631303
16282,-8.304291,-3.744768,4.267599,-0.004887,-0.030238,-0.044899,32.54,64.8981554223106
16292,-8.29472,-3.746562,4.262215,-0.005498,-0.043066,-0.047647,32.54,64.9066369605489
16302,-8.295319,-3.742973,4.265206,-0.005803,-0.055436,-0.050855,32.49,64.8889450058039
16312,-8.277372,-3.745365,4.267001,-0.005498,-0.067501,-0.053603,32.49,64.8424346352601
16322,-8.25464,-3.744768,4.275376,-0.00504,-0.078802,-0.05452,32.54,64.7481753741919
16332,-8.253444,-3.729812,4.286144,-0.004734,-0.088575,-0.054825,32.54,64.6747808947266
16342,-8.236095,-3.741179,4.286144,-0.004581,-0.096822,-0.054367,32.52,64.6475751721635
16352,-8.224131,-3.736392,4.301099,-0.004276,-0.104,-0.053298,32.52,64.5386134225207
16362,-8.212766,-3.732804,4.308876,-0.003207,-0.110719,-0.052076,32.54,64.4692226861809
16372,-8.199606,-3.748955,4.325625,-0.001374,-0.114079,-0.04948,32.54,64.3696015990708
16382,-8.185846,-3.742374,4.331607,-0.001985,-0.116523,-0.046426,32.49,64.3008257701205
16392,-8.17448,-3.753142,4.348357,-0.001069,-0.117592,-0.041997,32.49,64.1997253564668
16402,-8.169695,-3.745964,4.375875,0.000153,-0.117592,-0.038179,32.55,64.0394047609743
16412,-8.140981,-3.753741,4.383053,0.00168,-0.114995,-0.02978,32.55,63.944943392266
16422,-8.128419,-3.754937,4.38724,0.003207,-0.105069,-0.023824,32.51,63.8958055830644
16432,-8.11466,-3.741179,4.403392,0.003665,-0.098349,-0.020006,32.51,63.7661751795693
16442,-8.107481,-3.739982,4.411169,0.004123,-0.089186,-0.016493,32.51,63.7081863424155
16452,-8.111071,-3.752544,4.429713,0.005651,-0.079718,-0.012065,32.52,63.6343826703963
16462,-8.094919,-3.755535,4.441677,0.00672,-0.067806,-0.007483,32.52,63.5385657677083
16472,-8.105088,-3.747759,4.442873,0.008247,-0.0562,-0.003818,32.48,63.5476693421914
16482,-8.090134,-3.744169,4.454837,0.008399,-0.044135,0,32.48,63.4474668083912
16492,-8.09133,-3.762714,4.457829,0.008858,-0.030085,0.002443,32.52,63.4549183721299
16502,-8.087741,-3.753741,4.456632,0.009927,-0.015882,0.004429,32.52,63.4430009465974
16512,-8.094321,-3.752544,4.465605,0.01069,-0.000611,0.007636,32.51,63.4109405101476
16522,-8.09791,-3.760919,4.466802,0.011912,0.013744,0.009774,32.51,63.4222150813861
16532,-8.099107,-3.757928,4.461418,0.01237,0.028253,0.010843,32.53,63.4494096497451
16542,-8.101499,-3.759125,4.458427,0.012828,0.041844,0.011301,32.53,63.4716265103893
16552,-8.117052,-3.761517,4.453043,0.012981,0.056047,0.011148,32.52,63.5379544815306
16562,-8.124829,-3.754339,4.453641,0.013592,0.068417,0.011301,32.52,63.5452127508592
16572,-8.124829,-3.758526,4.444668,0.014355,0.08094,0.012675,32.46,63.5957524254859
16582,-8.142776,-3.763312,4.418945,0.013897,0.092393,0.010385,32.46,63.7743884268234
16592,-8.159525,-3.754339,4.42074,0.013744,0.110567,0.00733,32.51,63.7941374367722
16602,-8.164311,-3.77049,4.409972,0.013592,0.117439,0.005651,32.52,63.8774631884582
16612,-8.175079,-3.777071,4.401597,0.013897,0.122937,0.004276,32.52,63.9519935751188
16622,-8.190034,-3.756732,4.385446,0.013286,0.12706,0.002902,32.52,64.047710634805
16632,-8.198408,-3.757928,4.378866,0.012523,0.130572,0.000153,32.52,64.1018076429409
16642,-8.209774,-3.760321,4.369295,0.011912,0.131336,-0.001069,32.52,64.179247236584
16652,-8.227122,-3.765705,4.350152,0.011454,0.130267,-0.003207,32.52,64.3223706014983
16662,-8.22772,-3.761517,4.331607,0.011301,0.128587,-0.003971,32.48,64.4148770347033
16672,-8.251051,-3.77049,4.329215,0.010079,0.124006,-0.006261,32.48,64.4885901591458
16682,-8.249256,-3.768696,4.319045,0.008858,0.118966,-0.008858,32.54,64.5350994379302
16692,-8.255239,-3.760321,4.299902,0.007178,0.112552,-0.010232,32.54,64.6385701127448
16702,-8.263614,-3.764508,4.295715,0.005803,0.104305,-0.011301,32.47,64.6830094242244
16712,-8.273782,-3.766303,4.290331,0.004429,0.095142,-0.013592,32.47,64.7351177893494
16722,-8.270193,-3.762115,4.274179,0.004123,0.084452,-0.015424,32.52,64.8062888185714
16732,-8.292925,-3.766303,4.284947,0.002749,0.07422,-0.01573,32.52,64.8051690000251
16742,-8.282157,-3.765705,4.265206,0.001985,0.061239,-0.01741,32.51,64.8826283789143
16752,-8.291729,-3.753741,4.264608,0.001527,0.048258,-0.018631,32.51,64.8948459785839
16762,-8.298907,-3.757928,4.268198,0.000153,0.02306,-0.022297,32.48,64.8963052596289
16772,-8.296515,-3.77049,4.259823,-0.002291,0.010079,-0.023824,32.56,64.9467771803045
16782,-8.276773,-3.763312,4.266403,-0.002596,-0.002443,-0.024587,32.56,64.8621785284276
16792,-8.298308,-3.758526,4.259823,-0.002902,-0.015119,-0.026267,32.5,64.9387908391932
16802,-8.289934,-3.753142,4.262215,-0.003512,-0.026573,-0.027031,32.5,64.9026479261861
16812,-8.271988,-3.753741,4.284947,-0.003818,-0.03879,-0.028558,32.48,64.7462617644323
16822,-8.274381,-3.751348,4.272983,-0.003818,-0.049175,-0.030543,32.48,64.810912968602
16832,-8.271988,-3.744768,4.280162,-0.004581,-0.058796,-0.031918,32.54,64.7619427297245
16842,-8.274381,-3.756134,4.290331,-0.004734,-0.067959,-0.033292,32.54,64.7262040970463
16852,-8.255239,-3.756134,4.299902,-0.004276,-0.075747,-0.034361,32.51,64.6343284184135
16862,-8.254042,-3.751946,4.30409,-0.004276,-0.08262,-0.035277,32.51,64.6058203976388
16872,-8.235497,-3.75075,4.328018,-0.00336,-0.08827,-0.037415,32.53,64.4397935006448
16882,-8.222337,-3.751946,4.331009,-0.003665,-0.093004,-0.038332,32.53,64.396054650237
16892,-8.2349,-3.762714,4.337589,-0.002291,-0.095753,-0.039554,32.52,64.4014055078757
16902,-8.212766,-3.75733,4.353741,-0.001374,-0.098197,-0.039859,32.52,64.2629318892329
16912,-8.195418,-3.75733,4.350152,-0.000153,-0.09896,-0.041233,32.52,64.2422342321557
16922,-8.182258,-3.760919,4.370491,0.000305,-0.098197,-0.042302,32.52,64.111355736918
16932,-8.169695,-3.760919,4.368696,0.001527,-0.096822,-0.041233,32.52,64.0920532018779
16942,-8.155936,-3.760321,4.391428,0.004429,-0.090103,-0.041386,32.47,63.9429460075245
16952,-8.139785,-3.767499,4.397409,0.005956,-0.085216,-0.04047,32.47,63.8827708526079
16962,-8.142178,-3.768098,4.399205,0.006872,-0.079107,-0.03879,32.5,63.8796408411436
16972,-8.124829,-3.769892,4.409972,0.00901,-0.071624,-0.037263,32.5,63.7862938531105
16982,-8.124829,-3.769294,4.408178,0.010537,-0.064141,-0.03543,32.52,63.7948935523808
16992,-8.111071,-3.766303,4.411767,0.012065,-0.055741,-0.032376,32.52,63.7415335782901
17002,-8.109276,-3.760919,4.417749,0.014203,-0.045509,-0.028863,32.5,63.7008057787405
17012,-8.103294,-3.759125,4.429713,0.016188,-0.035277,-0.026114,32.5,63.6234343640848
17022,-8.093722,-3.771089,4.42732,0.017104,-0.024282,-0.022907,32.52,63.6264726336934
17032,-8.085946,-3.759125,4.438686,0.018937,-0.013134,-0.018479,32.52,63.5369845595254
17042,-8.083553,-3.765106,4.439882,0.021075,-0.001069,-0.014355,32.55,63.5317329711419
17052,-8.099107,-3.775276,4.435097,0.022602,0.010537,-0.010079,32.55,63.6034205718529
17062,-8.090732,-3.761517,4.436892,0.022907,0.022297,-0.006109,32.52,63.5599228432312
17072,-8.087142,-3.767499,4.443472,0.024282,0.034361,-0.002291,32.52,63.524183284577
17082,-8.089535,-3.765705,4.433302,0.025045,0.046273,0.002291,32.52,63.5801517750483
17092,-8.094321,-3.775276,4.433302,0.02642,0.05849,0.00672,32.52,63.6015784312291
17102,-8.117651,-3.77049,4.428516,0.027336,0.069944,0.010843,32.49,63.6749782725536
17112,-8.115258,-3.759723,4.416552,0.026725,0.088881,0.016035,32.54,63.7195016385107
17122,-8.130812,-3.765705,4.418945,0.027489,0.098349,0.018326,32.54,63.7494173947421
17132,-8.154141,-3.763312,4.408178,0.027642,0.106901,0.021991,32.5,63.8558179973825
17142,-8.154739,-3.766901,4.403392,0.027031,0.113621,0.02306,32.5,63.8855913883103
17152,-8.175676,-3.768696,4.39083,0.025198,0.118966,0.023366,32.54,63.9998746632598
17162,-8.182856,-3.766303,4.386044,0.024893,0.123395,0.024587,32.54,64.0383131481456
17172,-8.200802,-3.751348,4.384848,0.024129,0.12538,0.023824,32.5,64.0696556882248
17182,-8.204989,-3.757928,4.376472,0.022755,0.127518,0.023671,32.5,64.129037830764
17192,-8.215158,-3.751946,4.367499,0.021075,0.127824,0.021838,32.52,64.1919950524648
17202,-8.231908,-3.752544,4.342973,0.020159,0.125838,0.019548,32.52,64.3565525331958
17212,-8.255836,-3.751946,4.336991,0.018631,0.123089,0.017257,32.52,64.4404006475513
17222,-8.260024,-3.739982,4.331607,0.017257,0.119424,0.014508,32.52,64.465318695897
17232,-8.263614,-3.754339,4.318447,0.016188,0.113316,0.011912,32.52,64.555611737294
17242,-8.268398,-3.739982,4.31067,0.014661,0.106596,0.008247,32.52,64.591813592676
17252,-8.289934,-3.745964,4.301697,0.012217,0.097586,0.002596,32.48,64.6919239045181
17262,-8.285149,-3.742973,4.295715,0.010232,0.087812,-0.001069,32.48,64.709117018787
17272,-8.306684,-3.744169,4.278965,0.00901,0.077274,-0.00504,32.51,64.8442448071526
17282,-8.32463,-3.744768,4.278367,0.008247,0.052993,-0.014508,32.51,64.8874490054904
17292,-8.320443,-3.75075,4.267001,0.005651,0.039554,-0.018937,32.47,64.942690821188
17302,-8.307282,-3.742374,4.26401,0.004123,0.02642,-0.023213,32.48,64.9208779377664
17312,-8.309077,-3.738187,4.266403,0.002902,0.01237,-0.027947,32.48,64.9083365470091
17322,-8.318647,-3.739383,4.255037,0.002291,-0.002596,-0.033445,32.56,64.9891929063238
17332,-8.312068,-3.744169,4.263412,0.001069,-0.016341,-0.037415,32.56,64.9362706386036
17342,-8.310272,-3.742374,4.265206,0.000153,-0.029627,-0.040164,32.51,64.9212897085155
17352,-8.307282,-3.744768,4.264608,-0.000764,-0.042761,-0.04383,32.51,64.9201676826358
17362,-8.291131,-3.746562,4.273581,-0.000764,-0.056352,-0.047037,32.48,64.8400598389236
17372,-8.278568,-3.745964,4.279563,-0.001833,-0.06857,-0.050855,32.48,64.7808135802248
17382,-8.272586,-3.74058,4.283751,-0.001527,-0.078649,-0.05284,32.5,64.7405389148808
17392,-8.257033,-3.739982,4.291527,-0.002291,-0.08827,-0.054978,32.5,64.6652188935894
17402,-8.246863,-3.748955,4.30409,-0.002291,-0.096517,-0.057116,32.52,64.5867770874962
17412,-8.243872,-3.749553,4.316652,-0.001374,-0.102931,-0.057574,32.52,64.5159119763202
17422,-8.236095,-3.750151,4.316652,-0.003054,-0.108276,-0.060018,32.5,64.4991170985163
17432,-8.219346,-3.756134,4.341179,-0.003207,-0.110719,-0.059865,32.5,64.3412177504484
17442,-8.199606,-3.749553,4.360321,-0.001833,-0.111941,-0.059101,32.54,64.1912566763153
17452,-8.163115,-3.74716,4.370491,-0.001527,-0.11133,-0.057879,32.54,64.0534061623978
17462,-8.165507,-3.746562,4.386642,-0.000305,-0.108429,-0.057269,32.5,63.9750023352098
17472,-8.154739,-3.762115,4.400401,0.000305,-0.10232,-0.055589,32.49,63.8959193330879
17482,-8.14457,-3.752544,4.409374,0.001833,-0.095142,-0.052993,32.49,63.8163119226454
17492,-8.129017,-3.760919,4.411169,0.002138,-0.087048,-0.050702,32.53,63.7802015044538
17502,-8.108678,-3.766901,4.416552,0.003665,-0.077427,-0.047953,32.53,63.7120017457661
17512,-8.111071,-3.76391,4.433302,0.004123,-0.067042,-0.044899,32.55,63.6281045498641
17522,-8.090732,-3.767499,4.436892,0.00672,-0.054825,-0.041386,32.55,63.5663821818508
17532,-8.096116,-3.765705,4.442873,0.007636,-0.04215,-0.038179,32.52,63.5461617757185
17542,-8.081161,-3.763312,4.441677,0.009316,-0.029474,-0.034514,32.52,63.5149874527033
17552,-8.079366,-3.766303,4.443472,0.010232,-0.016188,-0.029932,32.47,63.5048119975534
17562,-8.071589,-3.772883,4.446463,0.012523,-0.001833,-0.024435,32.47,63.47846458583
17572,-8.072187,-3.771687,4.436294,0.014355,0.011759,-0.020311,32.52,63.5309333561793
17582,-8.079964,-3.771089,4.447659,0.016035,0.025504,-0.014661,32.52,63.4898450927621
17592,-8.079366,-3.772285,4.443472,0.01741,0.039401,-0.009468,32.5,63.5113009908063
17602,-8.081161,-3.778865,4.434498,0.01909,0.053145,-0.004276,32.5,63.5688109080744
17612,-8.100902,-3.766901,4.421339,0.019853,0.064446,-0.000764,32.49,63.669381090463
17622,-8.099705,-3.779463,4.423731,0.021075,0.075747,0.010232,32.49,63.6678160850734
17632,-8.11466,-3.779463,4.402196,0.023366,0.095906,0.014813,32.53,63.8132040363441
17642,-8.125427,-3.778865,4.404588,0.023976,0.104,0.019242,32.54,63.8249667723796
17652,-8.142178,-3.781258,4.393821,0.025045,0.110261,0.022907,32.54,63.9213216637846
17662,-8.155936,-3.781856,4.385446,0.025504,0.116828,0.026725,32.53,63.9964687711838
17672,-8.147561,-3.778865,4.377669,0.025351,0.120646,0.028558,32.53,64.0142858021985
17682,-8.178668,-3.775874,4.368098,0.025809,0.123395,0.031001,32.5,64.1311642933595
17692,-8.200802,-3.778267,4.351946,0.025504,0.124006,0.031918,32.5,64.2668696514899
17702,-8.207382,-3.771687,4.351348,0.024587,0.124158,0.032529,32.55,64.2779552239092
17712,-8.213962,-3.780062,4.348357,0.023976,0.122173,0.031765,32.55,64.3168319486593
17722,-8.228917,-3.777669,4.323233,0.022755,0.119882,0.030696,32.52,64.4772793788524
17732,-8.248059,-3.769294,4.328018,0.021991,0.115606,0.02978,32.52,64.4868461991019
17742,-8.2678,-3.76391,4.323233,0.020464,0.109498,0.027642,32.54,64.5500171263904
17752,-8.273782,-3.764508,4.315455,0.019395,0.102625,0.023366,32.54,64.6039365857969
17762,-8.287541,-3.759125,4.308876,0.018479,0.094379,0.01909,32.51,64.6628941652558
17772,-8.291729,-3.760321,4.297509,0.017562,0.085521,0.015424,32.51,64.7318526028255
17782,-8.31446,-3.76391,4.284349,0.015119,0.076358,0.010079,32.52,64.853300327083
17792,-8.310272,-3.752544,4.288536,0.013439,0.065363,0.005192,32.52,64.8112141792016
17802,-8.313264,-3.742973,4.283751,0.011454,0.042761,-0.006567,32.5,64.8329219551687
17812,-8.321041,-3.750151,4.278965,0.009927,0.03146,-0.013439,32.5,64.8818082934897
17822,-8.312666,-3.747759,4.274179,0.008552,0.020311,-0.019395,32.5,64.8856493851501
17832,-8.316256,-3.746562,4.281358,0.007025,0.007636,-0.025351,32.53,64.8553985227665
17842,-8.315059,-3.739383,4.284349,0.005956,-0.003971,-0.030696,32.53,64.8302397099065
17852,-8.293524,-3.745365,4.290331,0.00504,-0.016493,-0.036652,32.49,64.7578055962984
17862,-8.302496,-3.736392,4.286144,0.004581,-0.027794,-0.041081,32.49,64.7902745528169
17872,-8.287541,-3.738187,4.283751,0.00336,-0.037874,-0.044899,32.48,64.7712993005812
17882,-8.287541,-3.739383,4.292724,0.003054,-0.048564,-0.049175,32.48,64.7262386125632
17892,-8.273782,-3.733402,4.293921,0.002138,-0.057269,-0.052382,32.52,64.683517703824
17902,-8.272586,-3.741179,4.291527,0.000458,-0.065821,-0.054825,32.52,64.7010165817481
17912,-8.249854,-3.736392,4.303492,0.001069,-0.073151,-0.056352,32.49,64.5838131711867
17922,-8.238488,-3.738786,4.312464,0.000916,-0.080329,-0.056963,32.49,64.51451280685
17932,-8.231908,-3.739383,4.317849,0.000764,-0.085368,-0.056963,32.53,64.4725809508431
17942,-8.220542,-3.735196,4.329813,0.000611,-0.089492,-0.056658,32.53,64.3810234509826
17952,-8.202596,-3.739383,4.326822,0.001069,-0.093157,-0.0562,32.51,64.3603061277337
17962,-8.19123,-3.738187,4.35075,0.001985,-0.093921,-0.053603,32.51,64.2098390469074
17972,-8.163115,-3.748955,4.354339,0.00168,-0.094684,-0.049175,32.51,64.1386484415023
17982,-8.164909,-3.736991,4.37408,0.001985,-0.092241,-0.046731,32.51,64.0283520226387
17992,-8.143373,-3.739383,4.390232,0.003665,-0.088575,-0.041997,32.51,63.8982551103852
18002,-8.136793,-3.738187,4.392026,0.003665,-0.084299,-0.038026,32.5,63.8726252188376
18012,-8.123632,-3.739982,4.395615,0.004276,-0.078496,-0.035277,32.5,63.8257222032141
18022,-8.126026,-3.76391,4.399803,0.00504,-0.072082,-0.030543,32.5,63.8350544113257
18032,-8.122437,-3.750151,4.416552,0.005498,-0.063225,-0.027336,32.5,63.7258526724002
18042,-8.124231,-3.75075,4.42074,0.006872,-0.054672,-0.022907,32.5,63.7090717590269
18052,-8.10808,-3.753741,4.428516,0.007636,-0.045357,-0.018631,32.5,63.6349014777534
18062,-8.107481,-3.75733,4.429713,0.008247,-0.034972,-0.014966,32.51,63.6312019977147
18072,-8.09791,-3.75733,4.438088,0.009163,-0.023976,-0.012065,32.51,63.5659141262154
18082,-8.098508,-3.766303,4.438686,0.009468,-0.013134,-0.008705,32.54,63.5738923831102
18092,-8.085946,-3.760321,4.448855,0.011606,-0.000916,-0.005803,32.54,63.4859375643888
18102,-8.102695,-3.765705,4.442276,0.012065,0.01069,-0.002596,32.5,63.5644906981973
18112,-8.102098,-3.764508,4.442873,0.013592,0.022907,-0.00168,32.5,63.55874734468
18122,-8.109874,-3.761517,4.446463,0.014508,0.034972,0.001069,32.51,63.5551053694379
18132,-8.120044,-3.762115,4.444668,0.015119,0.047342,0.002749,32.51,63.5885247535676
18142,-8.12782,-3.76391,4.429115,0.016035,0.058185,0.003971,32.52,63.6883179830304
18152,-8.140981,-3.764508,4.423731,0.017868,0.078343,0.003971,32.53,63.746937051982
18162,-8.149954,-3.764508,4.420142,0.018021,0.087812,0.003665,32.53,63.7859970040045
18172,-8.152946,-3.769294,4.41416,0.019548,0.096517,0.003665,32.51,63.8286666885501
18182,-8.158329,-3.772883,4.415356,0.020464,0.104305,0.003512,32.51,63.8386559094836
18192,-8.162517,-3.767499,4.394419,0.020769,0.10965,0.001833,32.5,63.9501533592763
18202,-8.18764,-3.765705,4.398606,0.020769,0.114995,0.00168,32.5,63.9840287362286
18212,-8.18764,-3.761517,4.377071,0.020311,0.118966,0.000611,32.52,64.0903335805364
18222,-8.196614,-3.772285,4.370491,0.0197,0.120799,-0.001374,32.52,64.1557509964491
18232,-8.214561,-3.771089,4.35733,0.019548,0.121409,-0.001985,32.53,64.2627310573451
18242,-8.219346,-3.77049,4.35075,0.019242,0.120646,-0.002749,32.53,64.3067358561637
18252,-8.226524,-3.768696,4.331607,0.01909,0.118508,-0.003971,32.53,64.4195630724737
18262,-8.248658,-3.76391,4.328018,0.018479,0.114843,-0.00504,32.53,64.4826911463571
18272,-8.261818,-3.774678,4.317849,0.016799,0.109498,-0.00733,32.49,64.5753272277061
18282,-8.257631,-3.771089,4.316652,0.015119,0.102778,-0.008858,32.49,64.5685203340397
18292,-8.266603,-3.767499,4.3005,0.013897,0.0956,-0.009316,32.5,64.6680060231532
18302,-8.277372,-3.760321,4.279563,0.013134,0.086285,-0.010843,32.5,64.7925704333832
18312,-8.276773,-3.754339,4.274179,0.011912,0.076969,-0.012981,32.5,64.8130274596874
18322,-8.28455,-3.76391,4.271188,0.008247,0.053909,-0.014661,32.5,64.8552296501084
18332,-8.272586,-3.753142,4.276572,0.006414,0.041844,-0.016188,32.49,64.7902092386713
18342,-8.288139,-3.753741,4.27059,0.005498,0.029322,-0.015882,32.51,64.856057107636
18352,-8.294122,-3.760919,4.264608,0.005345,0.016493,-0.017562,32.51,64.9072763370284
18362,-8.286943,-3.75733,4.260421,0.004429,0.003665,-0.01909,32.52,64.9095034069008
18372,-8.28455,-3.753142,4.262215,0.003971,-0.009774,-0.019395,32.52,64.8907813110316
18382,-8.286943,-3.748955,4.260421,0.003512,-0.022602,-0.020617,32.5,64.9011452827977
18392,-8.277372,-3.75733,4.27717,0.001985,-0.035277,-0.021228,32.5,64.8019146583189
18402,-8.266006,-3.75733,4.271787,0.002138,-0.046731,-0.022755,32.54,64.8045693463938
18412,-8.27139,-3.762115,4.278367,0.001833,-0.057116,-0.023518,32.54,64.7873160987859
18422,-8.272586,-3.752544,4.294518,0.00168,-0.066737,-0.024435,32.52,64.6970230337913
18432,-8.25165,-3.75075,4.301099,0.001833,-0.075747,-0.02642,32.52,64.614706007223
18442,-8.253444,-3.748955,4.312464,0.001069,-0.083383,-0.0281,32.46,64.5582817519687
18452,-8.239684,-3.762714,4.322036,0.002138,-0.089186,-0.029474,32.46,64.4922120170386
18462,-8.242676,-3.761517,4.319045,0.002596,-0.093462,-0.030849,32.54,64.5130903176237
18472,-8.221739,-3.753741,4.34058,0.00336,-0.097586,-0.031765,32.54,64.3472290358205
18482,-8.217552,-3.74058,4.350152,0.004887,-0.099266,-0.033292,32.49,64.2749601585838
18492,-8.190034,-3.762115,4.368696,0.005345,-0.098349,-0.036652,32.49,64.1394892965386
18502,-8.187043,-3.751946,4.381856,0.007025,-0.096364,-0.037568,32.51,64.0543767885599
18512,-8.185846,-3.757928,4.396811,0.006567,-0.092699,-0.03879,32.51,63.9810209710745
18522,-8.158329,-3.753741,4.398606,0.007178,-0.087354,-0.039401,32.51,63.9045410879318
18532,-8.138588,-3.767499,4.423133,0.008094,-0.081398,-0.040012,32.48,63.7476887068873
18542,-8.134401,-3.755535,4.423133,0.00901,-0.074526,-0.040623,32.48,63.7253151415124
18552,-8.140383,-3.761517,4.41416,0.009621,-0.066279,-0.04047,32.53,63.7915843285142
18562,-8.123632,-3.761517,4.417151,0.010079,-0.055589,-0.039401,32.53,63.7376450063161
18572,-8.124829,-3.762115,4.430909,0.010996,-0.04612,-0.03879,32.5,63.6702774226483
18582,-8.112267,-3.760919,4.445267,0.010843,-0.035125,-0.037263,32.5,63.5661542024802
18592,-8.116454,-3.755535,4.444668,0.011759,-0.023366,-0.036041,32.51,63.5731557883821
18602,-8.103892,-3.760321,4.439882,0.012828,-0.011301,-0.033598,32.51,63.5737801292631
18612,-8.10449,-3.76391,4.436294,0.012523,-0.000153,-0.031612,32.51,63.5974819496291
18622,-8.101499,-3.759723,4.438686,0.014355,0.011606,-0.027794,32.51,63.5737396613196
18632,-8.102695,-3.759723,4.436892,0.014813,0.024129,-0.024129,32.5,63.5857423704578
18642,-8.085946,-3.757928,4.430909,0.015119,0.034972,-0.020464,32.5,63.5757540366674
18652,-8.094321,-3.760321,4.426124,0.016188,0.047189,-0.016493,32.48,63.6224181191664
18662,-8.105088,-3.765106,4.433302,0.016799,0.057879,-0.006567,32.48,63.6155453121502
18672,-8.10808,-3.763312,4.411169,0.018479,0.077427,-0.001527,32.52,63.7345143951313
18682,-8.11466,-3.757928,4.412963,0.019395,0.086437,0.002138,32.5,63.7346914419043
18692,-8.132606,-3.759125,4.40399,0.020617,0.094379,0.007025,32.5,63.8235144038101
18702,-8.13141,-3.761517,4.385446,0.021075,0.101098,0.010537,32.49,63.9188987745869
18712,-8.143373,-3.751348,4.383053,0.021991,0.106749,0.013897,32.49,63.9478957054643
18722,-8.148758,-3.760919,4.369893,0.022297,0.111483,0.018021,32.52,64.0381874558785
18732,-8.158329,-3.751946,4.365107,0.023976,0.11469,0.021075,32.52,64.0752857306931
18742,-8.179267,-3.756134,4.365107,0.023518,0.116828,0.024587,32.5,64.1273062903317
18752,-8.187043,-3.747759,4.356134,0.023824,0.118355,0.02642,32.5,64.1824967083937
18762,-8.202596,-3.742973,4.35075,0.023671,0.118355,0.027336,32.52,64.2405342760266
18772,-8.213962,-3.75075,4.337589,0.023824,0.116828,0.027642,32.52,64.3420570641088
18782,-8.224131,-3.757928,4.328018,0.022602,0.113774,0.027947,32.52,64.421639334695
18792,-8.239684,-3.753741,4.320839,0.021991,0.109956,0.025809,32.52,64.4892239913459
18802,-8.25464,-3.756134,4.319643,0.021228,0.104305,0.023671,32.52,64.5312533535942
18812,-8.270193,-3.746562,4.322634,0.020159,0.097738,0.020311,32.52,64.5408701583029
18822,-8.278568,-3.742374,4.31067,0.01909,0.090103,0.016341,32.52,64.6168769389027
18832,-8.299506,-3.745964,4.293921,0.01741,0.082161,0.013744,32.52,64.753155461774
18842,-8.301898,-3.753741,4.298108,0.014355,0.062919,0.002749,32.49,64.7446714815572
18852,-8.319246,-3.742374,4.293921,0.011912,0.051771,-0.002596,32.53,64.7932030380724
18862,-8.318049,-3.760321,4.289733,0.010232,0.040775,-0.008247,32.53,64.8299372280539
18872,-8.313862,-3.748357,4.275974,0.008705,0.028711,-0.014508,32.53,64.8796297818402
18882,-8.319246,-3.74716,4.285545,0.00733,0.016646,-0.021075,32.53,64.8410326294316
18892,-8.319845,-3.759723,4.285545,0.005803,0.003818,-0.027184,32.54,64.8548289237267
18902,-8.321639,-3.75075,4.279563,0.003665,-0.008858,-0.033445,32.54,64.8806400897114
18912,-8.312666,-3.75075,4.275376,0.002291,-0.020159,-0.039095,32.48,64.8824529420893
18922,-8.309077,-3.741179,4.285545,0.001069,-0.032223,-0.04444,32.48,64.8126634402278
18932,-8.289336,-3.746562,4.27717,-0.000764,-0.04383,-0.048564,32.5,64.8175799269229
18942,-8.283354,-3.754937,4.281358,-0.001069,-0.054978,-0.05284,32.5,64.7911361477123
18952,-8.27139,-3.755535,4.292724,-0.002138,-0.065515,-0.057879,32.52,64.7066302406698
18962,-8.260024,-3.749553,4.296911,-0.002596,-0.074831,-0.060476,32.52,64.6537498015755
18972,-8.25165,-3.748357,4.297509,-0.003207,-0.082467,-0.06185,32.48,64.630808576109
18982,-8.240283,-3.755535,4.311867,-0.00336,-0.089034,-0.06353,32.48,64.5386508805432
18992,-8.236693,-3.754937,4.31725,-0.002443,-0.095448,-0.064752,32.48,64.5022525409491
19002,-8.219944,-3.756134,4.34058,-0.002443,-0.099418,-0.064294,32.48,64.3456493009182
19012,-8.190034,-3.762714,4.341179,-0.002596,-0.104763,-0.063225,32.52,64.2819294547556
19022,-8.17448,-3.760919,4.356732,-0.000611,-0.104763,-0.060934,32.51,64.1646132453674
19032,-8.1679,-3.759723,4.367499,0.000458,-0.104,-0.058032,32.51,64.0928886705011
19042,-8.147561,-3.755535,4.374678,0.001374,-0.100029,-0.055589,32.54,64.0050934826644
19052,-8.143971,-3.765106,4.386044,0.002291,-0.095295,-0.051771,32.54,63.9483732972681
19062,-8.12782,-3.765705,4.393223,0.003971,-0.089797,-0.047495,32.52,63.875002232689
19072,-8.103294,-3.763312,4.400999,0.005803,-0.08262,-0.044746,32.52,63.7759285696309
19082,-8.103294,-3.767499,4.424927,0.007025,-0.074067,-0.039859,32.48,63.6570745222058
19092,-8.10449,-3.76391,4.429115,0.008399,-0.063835,-0.036346,32.48,63.6344227469213
19102,-8.095517,-3.765705,4.426124,0.009468,-0.052382,-0.032681,32.51,63.6309859151923
19112,-8.088937,-3.762115,4.431507,0.010385,-0.040928,-0.028558,32.51,63.5841345276647
19122,-8.087741,-3.761517,4.434498,0.012217,-0.027489,-0.023518,32.52,63.5653065395923
19132,-8.085946,-3.765106,4.446463,0.013286,-0.013286,-0.018173,32.52,63.50342358734
19142,-8.087142,-3.772883,4.450052,0.014966,-0.000764,-0.014661,32.47,63.4961689659189
19152,-8.085946,-3.771089,4.451847,0.015882,0.012981,-0.010232,32.47,63.4822144900171
19162,-8.095517,-3.768696,4.452445,0.016952,0.02642,-0.007025,32.52,63.4987921337357
19172,-8.092526,-3.767499,4.445267,0.018021,0.04047,-0.001833,32.52,63.5274534482523
19182,-8.092526,-3.766901,4.434498,0.018021,0.053756,0.004581,32.49,63.5822212755018
19192,-8.106285,-3.778267,4.429713,0.019853,0.07758,0.007789,32.52,63.6509364003857
19202,-8.102695,-3.771089,4.423731,0.021075,0.089339,0.011148,32.52,63.6657083711007
19212,-8.129017,-3.765106,4.422534,0.021075,0.098807,0.013439,32.5,63.7261876879128
19222,-8.128419,-3.777071,4.411767,0.021838,0.107054,0.01573,32.5,63.7929663152607
19232,-8.147561,-3.765705,4.406981,0.022449,0.114232,0.018021,32.49,63.8494259944811
19242,-8.16132,-3.762115,4.406981,0.022449,0.120188,0.020159,32.49,63.8771474755681
19252,-8.17149,-3.766901,4.383651,0.022907,0.124769,0.021686,32.51,64.0253858503633
19262,-8.182258,-3.756134,4.369295,0.022755,0.12706,0.02138,32.51,64.1125230479422
19272,-8.199007,-3.765705,4.366303,0.022602,0.128587,0.021533,32.49,64.1758647450219
19282,-8.212766,-3.762115,4.35075,0.022602,0.128434,0.022907,32.49,64.2832704445689
19292,-8.225328,-3.768098,4.333402,0.021838,0.126296,0.022144,32.5,64.4070201006658
19302,-8.23131,-3.768696,4.333402,0.021838,0.122937,0.021533,32.5,64.4210459862816
19312,-8.240283,-3.760919,4.313661,0.021533,0.11805,0.01909,32.54,64.5348856929746
19322,-8.255836,-3.755535,4.307081,0.020769,0.11133,0.01741,32.54,64.5980336321361
19332,-8.272586,-3.757928,4.302894,0.020159,0.103694,0.014813,32.52,64.6592879313714
19342,-8.273185,-3.754937,4.294518,0.019395,0.095142,0.012065,32.52,64.7007617582741
19353,-8.289336,-3.759723,4.286742,0.016493,0.074831,0.005498,32.52,64.7814038330894
19362,-8.294122,-3.741179,4.275376,0.015882,0.06353,0.002138,32.52,64.8320386251162
19372,-8.297711,-3.750151,4.268198,0.014508,0.050855,-0.003665,32.52,64.88592320576
19382,-8.307282,-3.751348,4.278965,0.014355,0.038637,-0.007636,32.52,64.8527041128019
19392,-8.316854,-3.748955,4.265206,0.012981,0.027336,-0.011454,32.52,64.9422806167677
19402,-8.301898,-3.746562,4.267599,0.011606,0.014813,-0.016035,32.53,64.8946668873017
19412,-8.307282,-3.748955,4.268198,0.010079,0.001985,-0.02138,32.53,64.9058104916892
19422,-8.303694,-3.753741,4.280162,0.009621,-0.010843,-0.025045,32.52,64.8410130618627
19432,-8.288737,-3.748357,4.286144,0.007789,-0.022755,-0.029169,32.52,64.7717783724338
19442,-8.291131,-3.745964,4.281358,0.00672,-0.033292,-0.032987,32.54,64.7993529721729
19452,-8.28156,-3.761517,4.288536,0.006109,-0.04383,-0.036194,32.54,64.7567671843094
19462,-8.285748,-3.744768,4.296313,0.004887,-0.053145,-0.039095,32.52,64.7091642266929
19472,-8.263015,-3.753741,4.293322,0.003512,-0.062156,-0.04215,32.52,64.6831433491761
19482,-8.265409,-3.741179,4.308277,0.002749,-0.069944,-0.045357,32.5,64.5986867548842
19492,-8.253444,-3.747759,4.315455,0.002138,-0.076511,-0.046731,32.5,64.5416546012244
19502,-8.256434,-3.748955,4.325027,0.000458,-0.082467,-0.048869,32.51,64.5002514226334
19512,-8.239087,-3.748357,4.325625,0.000305,-0.08659,-0.049633,32.51,64.457731387652
19522,-8.209177,-3.743571,4.351946,-0.000305,-0.089492,-0.050244,32.5,64.2498735961559
19532,-8.210971,-3.741776,4.358526,-0.000611,-0.092088,-0.05116,32.5,64.2181928149979
19542,-8.182856,-3.74716,4.359723,-0.002138,-0.091324,-0.050702,32.52,64.1538652761174
19552,-8.166704,-3.754339,4.373481,-0.001833,-0.089186,-0.050091,32.55,64.0536900135119
19562,-8.173882,-3.765705,4.377071,-0.001527,-0.087354,-0.048411,32.55,64.0634447570942
19572,-8.152347,-3.754937,4.395017,-0.00168,-0.08262,-0.045662,32.53,63.9105778167399
19582,-8.154141,-3.761517,4.396214,-0.001833,-0.078191,-0.044135,32.53,63.9154649330369
19592,-8.142178,-3.746562,4.408178,-0.001527,-0.07254,-0.041997,32.54,63.8106362876705
19602,-8.143971,-3.763312,4.398606,-0.000916,-0.065363,-0.041081,32.54,63.8817619285129
19612,-8.125427,-3.765705,4.401597,0,-0.058643,-0.037721,32.52,63.8263437513149
19622,-8.125427,-3.759723,4.417749,0.000458,-0.049938,-0.033292,32.52,63.7367902898065
19632,-8.115258,-3.75733,4.41057,0.001069,-0.041692,-0.030849,32.52,63.7477629500233
19642,-8.117651,-3.759723,4.418347,0.002596,-0.032529,-0.028711,32.52,63.7157801996466
19652,-8.103892,-3.760919,4.418945,0.003512,-0.022449,-0.024435,32.5,63.6822032355713
19662,-8.099705,-3.766303,4.423731,0.003512,-0.012065,-0.020922,32.5,63.6536482470029
19672,-8.109276,-3.767499,4.428516,0.005192,-0.001374,-0.017562,32.54,63.6524285787233
19682,-8.097312,-3.767499,4.419543,0.007025,0.009163,-0.014203,32.54,63.670978012556
19692,-8.09791,-3.769892,4.42074,0.008247,0.020006,-0.011301,32.52,63.6687674302185
19702,-8.118848,-3.768098,4.421339,0.010079,0.029932,-0.004429,32.52,63.7120966948905
19712,-8.112864,-3.752544,4.424329,0.013439,0.050244,-0.00168,32.55,63.6662463308511
19722,-8.123035,-3.768098,4.423731,0.013897,0.059865,0.000458,32.49,63.7094433233389
19732,-8.122437,-3.765705,4.411767,0.014966,0.06918,0.003818,32.49,63.7670797623757
19742,-8.133204,-3.771089,4.412365,0.016646,0.078038,0.005345,32.51,63.7945027633218
19752,-8.134999,-3.769294,4.41057,0.017104,0.085368,0.00672,32.51,63.8059501154414
19762,-8.148758,-3.761517,4.405187,0.017868,0.092546,0.00901,32.51,63.8569637987465
19772,-8.142178,-3.777071,4.395615,0.018479,0.099266,0.009468,32.51,63.9076413080262
19782,-8.170293,-3.767499,4.394419,0.018479,0.104,0.01069,32.55,63.9678965915705
19792,-8.176275,-3.777071,4.372285,0.018631,0.108581,0.010996,32.55,64.1054321466148
19802,-8.19781,-3.75733,4.372285,0.018326,0.111177,0.010385,32.46,64.1336734521992
19812,-8.204989,-3.77049,4.368098,0.018021,0.112705,0.010537,32.46,64.1851312741275
19822,-8.218149,-3.763312,4.363312,0.018173,0.113621,0.011148,32.52,64.2320204862284
19832,-8.227122,-3.760919,4.358526,0.01741,0.112705,0.009468,32.52,64.2743846073803
19842,-8.234302,-3.771687,4.331607,0.016799,0.111636,0.007941,32.51,64.440057593937
19852,-8.248059,-3.765705,4.33041,0.014966,0.107207,0.006567,32.51,64.4708742939096
19862,-8.259426,-3.753741,4.306482,0.01405,0.101556,0.003971,32.54,64.6073014617941
19872,-8.262416,-3.756732,4.30409,0.013134,0.095906,0.002138,32.54,64.6293119696119
19882,-8.264212,-3.765705,4.290929,0.010385,0.080176,-0.000458,32.52,64.7102259187451
19892,-8.29472,-3.760919,4.282554,0.008705,0.070555,-0.002291,32.46,64.8160659401904
19902,-8.276773,-3.758526,4.280162,0.007941,0.060628,-0.004123,32.46,64.7863525249668
19912,-8.286943,-3.753142,4.277769,0.006414,0.049175,-0.006414,32.51,64.8157808309998
19922,-8.289934,-3.756134,4.274179,0.00504,0.036805,-0.008094,32.51,64.8438932763396
19932,-8.291729,-3.756134,4.263412,0.003818,0.024129,-0.009927,32.48,64.9034066479078
19942,-8.289336,-3.757928,4.256233,0.004123,0.012675,-0.011759,32.48,64.9369994829966
19952,-8.293524,-3.76391,4.265805,0.002902,-0.000305,-0.013897,32.53,64.9027702089787
19962,-8.289336,-3.759125,4.267001,0.002138,-0.013439,-0.014661,32.53,64.8825975103714
19972,-8.285748,-3.761517,4.266403,0.001374,-0.026267,-0.016035,32.5,64.8801691968172
19982,-8.274381,-3.760919,4.275376,0.001069,-0.038637,-0.018021,32.5,64.8081654169937
19992,-8.268398,-3.754339,4.272385,0.000611,-0.04948,-0.020464,32.48,64.8037662591751
20002,-8.27139,-3.748955,4.279563,0.000458,-0.06017,-0.022144,32.48,64.7679135527425
20012,-8.254042,-3.756134,4.283751,0.000305,-0.07025,-0.023671,32.53,64.7150341734075
20022,-8.248658,-3.754339,4.3005,0.000305,-0.07926,-0.025656,32.53,64.6147666571225
20032,-8.249256,-3.753741,4.296911,0,-0.085979,-0.026725,32.52,64.6340150583069
20042,-8.222337,-3.755535,4.328616,0,-0.092699,-0.028405,32.52,64.4120738629442
20052,-8.219346,-3.761517,4.341179,0.000764,-0.101709,-0.03207,32.49,64.3467566882912
20062,-8.215158,-3.752544,4.356732,-0.000305,-0.103694,-0.034667,32.56,64.2479978093181
20072,-8.206185,-3.751946,4.360321,0.000458,-0.102931,-0.036346,32.56,64.2086264946633
20082,-8.19123,-3.760919,4.377071,0.000458,-0.102014,-0.037568,32.49,64.0978612639451
20092,-8.176873,-3.74716,4.380062,0,-0.099571,-0.040164,32.49,64.0354533267083
20102,-8.172088,-3.75733,4.400401,0.000611,-0.094684,-0.040012,32.51,63.9305539150053
20112,-8.147561,-3.758526,4.405187,0.000916,-0.088728,-0.040623,32.51,63.8510536807742
20122,-8.159525,-3.759723,4.418945,0.000764,-0.081398,-0.041997,32.53,63.8090444537506
20132,-8.133802,-3.75733,4.427918,0.001069,-0.073609,-0.041539,32.53,63.7012470640375
20142,-8.123035,-3.762714,4.434498,0.000611,-0.063835,-0.041844,32.5,63.6483288287405
20152,-8.116454,-3.758526,4.439284,0.001069,-0.053298,-0.041997,32.5,63.6040288887298
20162,-8.108678,-3.757928,4.435695,0.001374,-0.042608,-0.041386,32.5,63.6038354751497
20172,-8.102695,-3.754339,4.439284,0.001527,-0.029627,-0.039859,32.5,63.5676460574574
20182,-8.106883,-3.750151,4.45065,0.001069,-0.017715,-0.038026,32.47,63.5144286954301
20192,-8.097312,-3.751348,4.443472,0.001833,-0.004276,-0.034667,32.47,63.5303800087217
20202,-8.105088,-3.765106,4.441677,0.002749,0.007941,-0.032529,32.53,63.572471711628
20212,-8.106285,-3.752544,4.439284,0.002749,0.020311,-0.029016,32.53,63.5740465193069
20222,-8.099705,-3.755535,4.430909,0.003665,0.045509,-0.020311,32.56,63.6051022533668
20232,-8.105088,-3.75733,4.421339,0.00504,0.056352,-0.015424,32.54,63.6687851891068
20242,-8.100902,-3.761517,4.42732,0.005651,0.066737,-0.011301,32.54,63.6327874953115
20252,-8.115258,-3.75733,4.409374,0.007789,0.077274,-0.006261,32.48,63.7539266971363
20262,-8.109874,-3.754339,4.406981,0.008705,0.085216,-0.002138,32.48,63.7506488724189
20272,-8.128419,-3.762115,4.39083,0.009774,0.092852,0.00336,32.51,63.8849023482901
20282,-8.127223,-3.762714,4.386044,0.010385,0.098502,0.007025,32.51,63.9074845005737
20292,-8.139186,-3.759723,4.378866,0.011454,0.104305,0.011606,32.54,63.9687547651382
20302,-8.152347,-3.758526,4.359125,0.012828,0.108123,0.016341,32.54,64.0994436887096
20312,-8.164909,-3.766303,4.362714,0.013592,0.109956,0.019242,32.54,64.1176570923033
20322,-8.173284,-3.758526,4.355535,0.014661,0.112094,0.022755,32.54,64.1655766671029
20332,-8.181061,-3.755535,4.343571,0.015424,0.110719,0.025504,32.55,64.2418388768466
20342,-8.195418,-3.760321,4.336392,0.016341,0.109956,0.027336,32.55,64.3163040282459
20352,-8.219944,-3.757928,4.329813,0.016188,0.107054,0.0281,32.51,64.4029832244736
20362,-8.223534,-3.754339,4.325625,0.016493,0.102778,0.028405,32.51,64.4289588684992
20372,-8.23789,-3.751946,4.316652,0.016646,0.097891,0.028253,32.52,64.5049650172604
20382,-8.249256,-3.751348,4.294518,0.015882,0.091324,0.026878,32.52,64.6439439116072
20392,-8.274979,-3.751348,4.301697,0.016799,0.084605,0.022602,32.51,64.6641366527399
20402,-8.279764,-3.748955,4.296911,0.014966,0.06857,0.019395,32.49,64.6970100884334
20412,-8.293524,-3.757928,4.299902,0.013592,0.058796,0.014508,32.49,64.721110233285
20422,-8.300702,-3.737589,4.289733,0.012675,0.048106,0.009468,32.52,64.7690114110008
20432,-8.306684,-3.750151,4.299304,0.011301,0.038179,0.003512,32.52,64.7455159168152
20442,-8.306684,-3.750151,4.290331,0.009927,0.027642,-0.001985,32.46,64.791675210588
20452,-8.301898,-3.755535,4.289135,0.008094,0.016952,-0.007483,32.46,64.7926361377056
20462,-8.315658,-3.742374,4.289135,0.00672,0.007178,-0.01237,32.52,64.8099002321556
20472,-8.300103,-3.747759,4.292724,0.005651,-0.00336,-0.018021,32.52,64.762430166923
20482,-8.305488,-3.752544,4.302295,0.003512,-0.013897,-0.024587,32.51,64.7298824182856
20492,-8.293524,-3.762714,4.293921,0.001985,-0.023824,-0.029627,32.51,64.7566883778159
20502,-8.298308,-3.743571,4.291527,0.000916,-0.03375,-0.034056,32.51,64.7604410628159
20512,-8.292925,-3.744169,4.289733,-0.000305,-0.042608,-0.039859,32.51,64.7583648950867
20522,-8.278568,-3.752544,4.307679,-0.002138,-0.051007,-0.042761,32.53,64.642510666099
20532,-8.266006,-3.754339,4.306482,-0.002902,-0.058948,-0.047342,32.53,64.622554452085
20542,-8.258827,-3.751946,4.313063,-0.003971,-0.066126,-0.05116,32.51,64.5702377617393
20552,-8.258228,-3.756732,4.313661,-0.00504,-0.071929,-0.053145,32.51,64.5706728810645
20562,-8.237292,-3.763312,4.336392,-0.005651,-0.076358,-0.054978,32.49,64.4135421380198
20572,-8.217552,-3.762714,4.337589,-0.006414,-0.085368,-0.05681,32.49,64.3624487875441
20582,-8.215756,-3.76391,4.348357,-0.006109,-0.086896,-0.056352,32.5,64.3041803107943
20592,-8.195418,-3.756732,4.347759,-0.006261,-0.087659,-0.056352,32.51,64.2539517074339
20602,-8.17448,-3.760321,4.360321,-0.006872,-0.087354,-0.055283,32.51,64.1454786376438
20612,-8.166105,-3.756134,4.365107,-0.005803,-0.085521,-0.052382,32.53,64.0973822834691
20622,-8.159525,-3.768098,4.370491,-0.005345,-0.083689,-0.049938,32.53,64.0671917235804
20632,-8.146963,-3.762714,4.383053,-0.003665,-0.080023,-0.047189,32.51,63.9681044106309
20642,-8.140383,-3.750151,4.388436,-0.002596,-0.075289,-0.04383,32.51,63.9120191504451
20652,-8.134999,-3.766303,4.395017,-0.002443,-0.070402,-0.040012,32.52,63.8828550343769
20662,-8.112267,-3.756732,4.398606,-0.000611,-0.062919,-0.036499,32.52,63.8019240081518
20672,-8.11466,-3.766901,4.407579,0.000305,-0.055894,-0.03207,32.52,63.7720247938173
20682,-8.100304,-3.765106,4.405187,0.00168,-0.047037,-0.0281,32.52,63.7493444276905
20692,-8.103892,-3.771089,4.422534,0.003054,-0.037874,-0.023824,32.5,63.6746377142589
20702,-8.10449,-3.767499,4.424927,0.004734,-0.027642,-0.018784,32.5,63.6598394097853
20712,-8.098508,-3.764508,4.42074,0.005803,-0.01741,-0.015424,32.5,63.6643586752555
20722,-8.099107,-3.758526,4.434498,0.007636,-0.006261,-0.010385,32.5,63.5884554501819
20732,-8.093722,-3.762714,4.4339,0.008094,0.004887,-0.006567,32.53,63.5835567818973
20742,-8.101499,-3.765705,4.435695,0.009468,0.027794,0.000764,32.53,63.5955671519417
20752,-8.103892,-3.763312,4.4339,0.011759,0.039401,0.002902,32.48,63.6077702455667
20762,-8.105686,-3.757928,4.439284,0.012675,0.050244,0.005956,32.52,63.5784417810432
20772,-8.112864,-3.764508,4.423731,0.013439,0.061087,0.009316,32.52,63.6821344622149
20782,-8.126026,-3.765106,4.421339,0.014508,0.071929,0.012675,32.48,63.7254430248156
20792,-8.127223,-3.762714,4.417151,0.014813,0.08094,0.014661,32.48,63.7471948467747
20802,-8.13799,-3.761517,4.412963,0.016188,0.089492,0.016799,32.48,63.7922414126537
20812,-8.146365,-3.764508,4.395017,0.016035,0.096669,0.017715,32.48,63.9069912824715
20822,-8.157133,-3.756134,4.399205,0.016799,0.102778,0.018937,32.5,63.9012425329665
20832,-8.178668,-3.76391,4.388436,0.016035,0.108429,0.018937,32.5,64.0139776401463
20842,-8.177471,-3.753741,4.384848,0.016341,0.111941,0.019395,32.55,64.0190605434295
20852,-8.198408,-3.754937,4.369295,0.015882,0.113621,0.018937,32.55,64.1479271729662
20862,-8.208578,-3.738187,4.353143,0.016493,0.115301,0.01909,32.52,64.2368019421515
20872,-8.221739,-3.753142,4.349553,0.017104,0.115454,0.018173,32.52,64.3004085510398
20882,-8.229516,-3.75733,4.342375,0.016188,0.112552,0.016646,32.57,64.3591617168883
20892,-8.236095,-3.753142,4.323831,0.015424,0.10965,0.014661,32.57,64.4651543150352
20902,-8.253444,-3.754339,4.302894,0.014813,0.104763,0.012981,32.49,64.6130807533848
20912,-8.265409,-3.745365,4.295715,0.014355,0.098502,0.007483,32.49,64.6676732356173
20922,-8.278568,-3.75075,4.296313,0.011912,0.082467,0.00504,32.55,64.6992414955157
20932,-8.285149,-3.751946,4.293921,0.011454,0.072846,0.00168,32.5,64.7273568688776
20942,-8.277969,-3.754339,4.283751,0.010079,0.062308,-0.001069,32.5,64.7662803616806
20952,-8.294122,-3.751946,4.27717,0.009774,0.050396,-0.004734,32.51,64.8335270222937
20962,-8.286345,-3.745964,4.26401,0.008552,0.038332,-0.007789,32.51,64.8783039149082
20972,-8.294122,-3.758526,4.268795,0.007941,0.02642,-0.011912,32.5,64.8832866076886
20982,-8.296515,-3.744768,4.269393,0.006872,0.013744,-0.014966,32.5,64.8717613683114
20992,-8.291729,-3.752544,4.266403,0.005956,0.001833,-0.018479,32.5,64.884387122048
21002,-8.299506,-3.754339,4.268198,0.005192,-0.011301,-0.022144,32.5,64.8940480102868
21012,-8.292327,-3.750151,4.272385,0.003665,-0.023824,-0.025809,32.49,64.8524515035954
21022,-8.288737,-3.744169,4.277769,0.003971,-0.034972,-0.028558,32.49,64.8107757426377
21032,-8.279166,-3.743571,4.281358,0.003512,-0.045204,-0.031001,32.5,64.7704776054504
21042,-8.268398,-3.759723,4.289733,0.002138,-0.054978,-0.033139,32.5,64.7196386192525
21052,-8.273782,-3.755535,4.308876,0.001833,-0.063377,-0.03543,32.52,64.6287272948227
21062,-8.2678,-3.751946,4.3005,0.000764,-0.071929,-0.037874,32.52,64.6549536061901
21072,-8.257033,-3.741179,4.31725,0.000611,-0.078496,-0.039095,32.47,64.5337563564885
21082,-8.22772,-3.750151,4.329813,0,-0.083536,-0.039554,32.47,64.4124754923494
21092,-8.217552,-3.752544,4.342375,-0.001222,-0.090713,-0.041844,32.5,64.327323946225
21102,-8.213365,-3.757928,4.348955,-0.000764,-0.092241,-0.041844,32.52,64.289541782384
21112,-8.19123,-3.748955,4.35075,-0.002291,-0.092699,-0.042913,32.52,64.2209921844272
21122,-8.189436,-3.754937,4.366901,-0.002291,-0.092088,-0.042455,32.51,64.1399028689953
21132,-8.173284,-3.762115,4.378268,-0.00168,-0.089186,-0.04215,32.51,64.0521600901435
21142,-8.162517,-3.753142,4.387838,-0.002749,-0.085368,-0.041386,32.5,63.9689173240698
21152,-8.166704,-3.760321,4.397409,-0.002596,-0.08094,-0.040775,32.5,63.9367798591572
21162,-8.153543,-3.758526,4.399803,-0.002902,-0.075289,-0.04047,32.52,63.8924684535337
21172,-8.140383,-3.772285,4.412963,-0.002596,-0.068875,-0.039706,32.52,63.8091829253602
21182,-8.140383,-3.766901,4.41416,-0.002902,-0.061392,-0.038332,32.53,63.7973040460362
21192,-8.142776,-3.765705,4.418347,-0.002749,-0.053145,-0.036346,32.53,63.7800043702398
21202,-8.123632,-3.759125,4.41416,-0.002443,-0.044135,-0.035736,32.5,63.7504909514026
21212,-8.121839,-3.759125,4.424329,-0.002749,-0.035277,-0.034514,32.5,63.6940185465383
21222,-8.111669,-3.767499,4.430311,-0.00168,-0.025198,-0.032376,32.54,63.6487240786952
21232,-8.112864,-3.766901,4.421339,-0.000153,-0.01405,-0.030238,32.54,63.6970113595269
21242,-8.119445,-3.765705,4.424329,0.000305,-0.003512,-0.028405,32.52,63.6955291110866
21252,-8.112864,-3.77049,4.431507,0.001374,0.007025,-0.027031,32.52,63.6485445375206
21262,-8.105088,-3.761517,4.428516,0.003207,0.027642,-0.021991,32.51,63.636319071572
21272,-8.102695,-3.767499,4.424927,0.005651,0.038026,-0.018326,32.53,63.6556895913298
21282,-8.10808,-3.760919,4.412365,0.00672,0.047495,-0.015882,32.53,63.7257873353243
21292,-8.122437,-3.766303,4.408178,0.008247,0.056352,-0.013439,32.55,63.7862014704936
21302,-8.115856,-3.765106,4.399205,0.010232,0.064446,-0.010385,32.55,63.816031290284
21312,-8.118848,-3.762115,4.399205,0.01237,0.072388,-0.006261,32.48,63.8197238084418
21322,-8.117651,-3.76391,4.39083,0.014661,0.080023,-0.00336,32.48,63.8620886552928
21332,-8.13141,-3.76391,4.383651,0.015882,0.086743,-0.001069,32.54,63.9306969010627
21342,-8.13799,-3.772285,4.38425,0.017562,0.092241,0.002596,32.54,63.9515441885049
21354,-8.151749,-3.764508,4.374678,0.018937,0.096975,0.005345,32.53,64.0241058134116
21362,-8.161918,-3.762115,4.369893,0.020464,0.100335,0.008552,32.53,64.069438677662
21372,-8.158329,-3.771687,4.366303,0.021838,0.104153,0.010843,32.5,64.0898397773545
21382,-8.181659,-3.755535,4.350152,0.023518,0.104763,0.012828,32.5,64.2092270625637
21392,-8.187043,-3.766901,4.348357,0.024129,0.105527,0.014508,32.53,64.2424932893851
21402,-8.196614,-3.767499,4.346562,0.024282,0.105069,0.015424,32.53,64.2739862649712
21412,-8.203793,-3.752544,4.333402,0.024893,0.104,0.017257,32.5,64.3425854588672
21422,-8.216354,-3.756134,4.319643,0.026114,0.101404,0.01741,32.5,64.4455468259479
21432,-8.252247,-3.756134,4.315455,0.025504,0.098349,0.017257,32.53,64.5474832860397
21442,-8.25165,-3.753142,4.313661,0.024282,0.087812,0.015577,32.54,64.5523562414686
21452,-8.26481,-3.753142,4.301697,0.023671,0.080634,0.012675,32.54,64.6433423880025
21462,-8.280362,-3.753741,4.302894,0.022297,0.073609,0.011454,32.48,64.6723333521811
21472,-8.28156,-3.748357,4.295715,0.02138,0.065057,0.008705,32.48,64.7065562173253
21482,-8.276773,-3.755535,4.296911,0.020311,0.055436,0.005956,32.51,64.6969911867895
21492,-8.286943,-3.739982,4.295117,0.018479,0.045662,0.002749,32.51,64.7131816941438
21502,-8.291729,-3.747759,4.289733,0.017868,0.035583,-0.000611,32.47,64.7593072334102
21512,-8.288737,-3.745964,4.28734,0.015882,0.024282,-0.004276,32.47,64.7632197301227
21522,-8.303694,-3.758526,4.274179,0.013897,0.013744,-0.008705,32.59,64.8766058848725
21532,-8.295319,-3.75075,4.287939,0.013592,0.002749,-0.011454,32.59,64.7794799991294
21542,-8.288737,-3.748357,4.284349,0.012217,-0.008247,-0.015272,32.51,64.7810308290456
21552,-8.288737,-3.748357,4.284349,0.011301,-0.0197,-0.019395,32.51,64.7810308290456
21562,-8.288139,-3.75075,4.290929,0.010537,-0.029932,-0.022755,32.5,64.7481934675443
21572,-8.288737,-3.76391,4.292724,0.008858,-0.040775,-0.027642,32.5,64.7534694291221
21582,-8.282756,-3.751946,4.294518,0.007636,-0.050855,-0.031154,32.58,64.718978534559
21592,-8.2678,-3.748357,4.299902,0.00733,-0.060018,-0.03375,32.58,64.6544163545387
21602,-8.243275,-3.754339,4.311268,0.007483,-0.068111,-0.036652,32.5,64.547207649749
21612,-8.246863,-3.750151,4.312464,0.006109,-0.081703,-0.041844,32.5,64.5447981772985
21622,-8.240283,-3.758526,4.326822,0.006109,-0.086896,-0.044746,32.52,64.4646207017178
21632,-8.217552,-3.761517,4.335794,0.007025,-0.091019,-0.04612,32.54,64.3704665457782
21642,-8.200203,-3.755535,4.355535,0.007025,-0.092699,-0.047953,32.54,64.2234556072064
21652,-8.199606,-3.751946,4.360321,0.007483,-0.09331,-0.049175,32.47,64.193735755121
21662,-8.183454,-3.754937,4.360321,0.007789,-0.092852,-0.048717,32.47,64.1602316024576
21672,-8.175676,-3.756134,4.378866,0.007789,-0.091324,-0.050091,32.47,64.048265232203
21682,-8.164909,-3.762714,4.381856,0.007941,-0.087354,-0.050855,32.47,64.015236823585
21692,-8.148159,-3.751348,4.386044,0.008247,-0.082314,-0.050091,32.54,63.9434321616525
21702,-8.138588,-3.754339,4.405785,0.009163,-0.0759,-0.049633,32.54,63.8229394535694
21712,-8.138588,-3.762115,4.423731,0.009927,-0.068722,-0.049175,32.55,63.7388853474608
21722,-8.130812,-3.753142,4.413561,0.009621,-0.060018,-0.048869,32.55,63.7637460234807
21732,-8.112267,-3.755535,4.435695,0.009774,-0.04948,-0.046884,32.5,63.609580715881
21742,-8.103294,-3.753741,4.44407,0.010996,-0.039095,-0.045051,32.5,63.5437767024454
21752,-8.106883,-3.746562,4.450052,0.010996,-0.027794,-0.043677,32.48,63.5136449045665
21762,-8.101499,-3.753741,4.447659,0.011301,-0.015272,-0.041386,32.48,63.5211534313348
21772,-8.102098,-3.764508,4.442873,0.011454,-0.002749,-0.039095,32.5,63.55874734468
21782,-8.106883,-3.744768,4.446463,0.013134,0.023976,-0.031612,32.5,63.5301673186176
21792,-8.100902,-3.750151,4.446463,0.014203,0.036346,-0.028711,32.52,63.5220515119774
21802,-8.105088,-3.75733,4.43749,0.014355,0.048106,-0.025656,32.51,63.5856404964093
21812,-8.100304,-3.760919,4.432704,0.014661,0.059407,-0.022449,32.51,63.6030395444845
21822,-8.107481,-3.74716,4.422534,0.014966,0.07025,-0.018479,32.53,63.657272210066
21832,-8.105686,-3.757928,4.421937,0.016341,0.080787,-0.014661,32.53,63.6677291134287
21842,-8.120044,-3.761517,4.416552,0.01741,0.08995,-0.011301,32.52,63.7324579590612
21852,-8.13141,-3.759125,4.397409,0.018173,0.097891,-0.008247,32.52,63.854673881747
21862,-8.141579,-3.762714,4.38724,0.018784,0.105222,-0.003818,32.49,63.9342059921412
21872,-8.146963,-3.762115,4.386044,0.01909,0.110414,0,32.49,63.9520553467121
21882,-8.160722,-3.739383,4.371089,0.020922,0.114843,0.003512,32.54,64.0367188448932
21892,-8.161918,-3.760919,4.364508,0.022449,0.117439,0.006872,32.54,64.0959572082191
21902,-8.175676,-3.75733,4.348955,0.022907,0.118813,0.00901,32.53,64.2037127708549
21912,-8.208578,-3.762714,4.345366,0.023824,0.118202,0.012675,32.53,64.3021779432683
21922,-8.204391,-3.766901,4.341777,0.024587,0.116828,0.013592,32.53,64.3155664993371
21932,-8.210373,-3.761517,4.325027,0.025656,0.113774,0.015424,32.53,64.4098585719797
21942,-8.222935,-3.76391,4.316054,0.026114,0.109956,0.016493,32.52,64.4867997868834
21952,-8.243275,-3.760321,4.306482,0.027031,0.104611,0.017104,32.52,64.577979241483
21962,-8.252846,-3.753142,4.294518,0.028405,0.090713,0.016188,32.55,64.6537532556968
21972,-8.260024,-3.765705,4.296911,0.027336,0.082009,0.014203,32.5,64.6700834827804
21982,-8.260622,-3.764508,4.295117,0.027336,0.072235,0.010843,32.5,64.6794509331511
21992,-8.289336,-3.75075,4.287939,0.026573,0.062308,0.008247,32.51,64.7662482818732
22002,-8.285149,-3.752544,4.286144,0.027031,0.052076,0.005803,32.51,64.7680320220328
22012,-8.295319,-3.751946,4.284947,0.026114,0.041081,0.002596,32.5,64.7960883918341
22022,-8.307282,-3.757928,4.289135,0.025198,0.029932,-0.000764,32.5,64.8069044198453
22032,-8.304291,-3.755535,4.28734,0.02474,0.019242,-0.005651,32.5,64.8071571779002
22042,-8.300103,-3.751348,4.290929,0.022907,0.008399,-0.011301,32.5,64.775254675893
22052,-8.298907,-3.751946,4.297509,0.021686,-0.001985,-0.015272,32.48,64.7393430429047
22062,-8.282756,-3.756732,4.299304,0.020769,-0.01237,-0.020464,32.48,64.699136580456
22072,-8.29472,-3.749553,4.307081,0.018784,-0.021533,-0.025351,32.55,64.6784339567312
22082,-8.29472,-3.75075,4.308277,0.017562,-0.030849,-0.029474,32.55,64.6734834902392
22092,-8.28156,-3.751946,4.316054,0.016188,-0.040164,-0.03543,32.49,64.605468198777
22102,-8.274381,-3.751946,4.308876,0.015119,-0.047037,-0.038637,32.49,64.6264388777021
22112,-8.275578,-3.759723,4.314259,0.013897,-0.054367,-0.043066,32.48,64.6092453658834
22122,-8.250452,-3.753741,4.333402,0.012523,-0.059712,-0.04612,32.48,64.4486342409654
22132,-8.245069,-3.751348,4.331009,0.008858,-0.06857,-0.052382,32.52,64.4464553854927
22142,-8.233105,-3.759125,4.345964,0.007178,-0.072082,-0.053909,32.5,64.350600550534
22152,-8.216953,-3.751348,4.347759,0.005956,-0.07422,-0.055436,32.5,64.2970102866367
22162,-8.203195,-3.76391,4.360321,0.005651,-0.075136,-0.0562,32.48,64.2142562703473
22172,-8.199606,-3.766901,4.353741,0.004581,-0.075595,-0.056658,32.48,64.2431294597626
22182,-8.186445,-3.756134,4.362714,0.003818,-0.074984,-0.0562,32.5,64.1559304417083
22192,-8.166704,-3.766303,4.371687,0.003665,-0.073304,-0.054825,32.5,64.0754775540278
22202,-8.168499,-3.759125,4.380062,0.003665,-0.071471,-0.05452,32.51,64.0288909428391
22212,-8.159525,-3.769294,4.374678,0.003818,-0.067501,-0.051465,32.51,64.0468663340977
22222,-8.147561,-3.756134,4.380062,0.003665,-0.062614,-0.048717,32.51,63.9779519892844
22232,-8.139785,-3.766303,4.381856,0.004123,-0.057269,-0.046884,32.51,63.9616587360292
22242,-8.133802,-3.765106,4.383651,0.004887,-0.051771,-0.044593,32.49,63.9374427391937
22252,-8.123035,-3.760321,4.399803,0.005651,-0.045662,-0.041692,32.49,63.8243592731483
22262,-8.124231,-3.768696,4.404588,0.006872,-0.03879,-0.038026,32.52,63.8113718471409
22272,-8.112864,-3.759723,4.402196,0.00733,-0.030696,-0.033292,32.52,63.7879716383804
22282,-8.114061,-3.759723,4.411767,0.009468,-0.021991,-0.029016,32.5,63.7413902981164
22292,-8.103294,-3.765705,4.421339,0.011148,-0.012523,-0.02642,32.5,63.6736252036156
22302,-8.099705,-3.76391,4.418945,0.011454,0.00504,-0.018479,32.51,63.6757342269107
22312,-8.102695,-3.75733,4.413561,0.014203,0.014813,-0.015119,32.48,63.7033383253618
22322,-8.105088,-3.771687,4.414758,0.01573,0.025351,-0.010385,32.48,63.7180953531535
22332,-8.119445,-3.752544,4.411767,0.016952,0.034667,-0.007025,32.46,63.7461461540652
22372,-8.122437,-3.75733,4.417749,0.022602,0.07086,0.005345,32.49,63.7273443401762
22382,-8.137392,-3.760919,4.408178,0.023366,0.078802,0.007025,32.49,63.8148540066461
22392,-8.159525,-3.755535,4.397409,0.023518,0.085827,0.008858,32.52,63.9153275775187
22402,-8.159525,-3.749553,4.394419,0.024435,0.092088,0.011148,32.52,63.9244196256731
22412,-8.176275,-3.761517,4.396811,0.024587,0.097891,0.011301,32.5,63.9629598308883
22422,-8.172088,-3.748955,4.38724,0.024893,0.102167,0.01237,32.5,63.9894629800932
22432,-8.193623,-3.739982,4.375875,0.025504,0.105832,0.012065,32.51,64.0876724305099
22442,-8.194819,-3.756732,4.369295,0.025504,0.10736,0.011301,32.51,64.1416549042953
22452,-8.198408,-3.743571,4.357928,0.024587,0.109039,0.010537,32.52,64.1946762962155
22462,-8.215158,-3.742973,4.342375,0.02474,0.10797,0.009621,32.52,64.3120851039659
22472,-8.223534,-3.751348,4.334598,0.024129,0.106291,0.005498,32.49,64.379632303629
22482,-8.248059,-3.742374,4.329813,0.022144,0.099571,0.003971,32.54,64.4501764019224
22492,-8.258827,-3.743571,4.326224,0.022144,0.09499,0.00168,32.54,64.4939792180929
22502,-8.258228,-3.75075,4.314259,0.021838,0.089186,-0.000764,32.52,64.5615285931542
22512,-8.266603,-3.74716,4.305884,0.020311,0.080787,-0.004429,32.52,64.6197140721199
22522,-8.28156,-3.752544,4.303492,0.01909,0.072082,-0.007025,32.54,64.6707093868689
22532,-8.279764,-3.750151,4.291527,0.018021,0.062919,-0.010079,32.54,64.7259573425062
22542,-8.276773,-3.757928,4.280162,0.016799,0.053298,-0.012675,32.49,64.7857519074341
22552,-8.294122,-3.751946,4.279563,0.01573,0.042761,-0.014966,32.49,64.8211904640046
22562,-8.289336,-3.757928,4.274778,0.014508,0.030849,-0.018631,32.5,64.8412783525318
22572,-8.285149,-3.766901,4.27717,0.013439,0.020006,-0.02138,32.5,64.8286929247984
22582,-8.283952,-3.754937,4.280162,0.013897,0.008858,-0.02306,32.5,64.7986262678782
22592,-8.285149,-3.750151,4.269992,0.012217,-0.00336,-0.02642,32.5,64.8489562053374
22602,-8.283952,-3.756732,4.265805,0.012065,-0.015119,-0.028253,32.54,64.8745108549786
22612,-8.28156,-3.755535,4.269992,0.011759,-0.026725,-0.031001,32.54,64.8464176697736
22642,-8.254042,-3.766303,4.30409,0.010232,-0.056658,-0.035736,32.47,64.6203804008618
22652,-8.23789,-3.77408,4.306482,0.009316,-0.071471,-0.036805,32.52,64.5799970067954
22662,-8.23131,-3.772285,4.323233,0.008705,-0.077885,-0.038179,32.52,64.4771082386415
22672,-8.212168,-3.759723,4.328616,0.008552,-0.082009,-0.038332,32.5,64.3935278534801
22682,-8.222337,-3.749553,4.341777,0.007025,-0.085979,-0.038637,32.5,64.3381074588412
22692,-8.213962,-3.759723,4.351946,0.006872,-0.087659,-0.039554,32.51,64.2773403504394
22702,-8.197212,-3.765106,4.362116,0.007178,-0.087506,-0.039248,32.51,64.1927300232125
22712,-8.194221,-3.763312,4.364508,0.006567,-0.085827,-0.039095,32.52,64.1717817230029
22732,-8.170293,-3.755535,4.391428,0.004887,-0.080634,-0.040012,32.51,63.9707119912286
22742,-8.173284,-3.760919,4.398606,0.003818,-0.074678,-0.038332,32.51,63.9462811867422
22752,-8.165507,-3.765106,4.408178,0.003971,-0.06857,-0.037874,32.5,63.8837318056106
22762,-8.160722,-3.76391,4.415954,0.003207,-0.062461,-0.038332,32.5,63.8315740514418
22772,-8.136195,-3.77408,4.418347,0.00336,-0.054214,-0.038332,32.49,63.7737966155704
22782,-8.130812,-3.76391,4.424927,0.003207,-0.045204,-0.03711,32.49,63.7167431690696
22792,-8.133802,-3.76391,4.429115,0.002291,-0.036041,-0.03711,32.5,63.7021086064209
22802,-8.129615,-3.765106,4.433302,0.001833,-0.025809,-0.036499,32.5,63.6722203547082
22862,-8.12782,-3.76391,4.41416,0.006872,0.04612,-0.023366,32.51,63.7652368031985
22872,-8.125427,-3.762115,4.406384,0.008858,0.055436,-0.020006,32.51,63.7978569746774
22882,-8.123035,-3.765106,4.419543,0.010232,0.063835,-0.017104,32.51,63.7277908203112
22912,-8.145766,-3.759125,4.39083,0.015882,0.083689,-0.00672,32.53,63.9214954329944
22922,-8.139186,-3.753741,4.382454,0.018021,0.088728,-0.003665,32.52,63.9439220978182
22932,-8.145168,-3.75075,4.37408,0.0197,0.091935,-0.000458,32.52,63.9976701824478
22942,-8.149356,-3.756732,4.367499,0.021533,0.094684,0.002443,32.51,64.0475017667834
23002,-8.225328,-3.747759,4.324429,0.027489,0.086437,0.016646,32.55,64.4324173356693
23012,-8.224131,-3.756134,4.320241,0.027336,0.082009,0.016799,32.54,64.4599090122182
23022,-8.237292,-3.751348,4.315455,0.027184,0.076205,0.015577,32.54,64.5091904965728
23032,-8.252247,-3.759125,4.302894,0.026267,0.071166,0.015424,32.47,64.6152672018367
23042,-8.258228,-3.756732,4.307679,0.026114,0.063683,0.01405,32.47,64.6014931814452
23052,-8.26481,-3.74058,4.310072,0.024435,0.055741,0.01237,32.49,64.5874970648938
23062,-8.273185,-3.754937,4.295715,0.022755,0.047342,0.009774,32.49,64.6945919659225
23072,-8.275578,-3.744169,4.301697,0.021228,0.038332,0.007483,32.5,64.6582425896644
23082,-8.280961,-3.751946,4.305884,0.020159,0.031001,0.004276,32.5,64.6564640769792
23092,-8.293524,-3.75075,4.294518,0.018326,0.021686,0.000458,32.52,64.741629392844
23102,-8.288139,-3.754339,4.306482,0.016493,0.01237,-0.003818,32.52,64.6717233108029
23112,-8.291729,-3.753741,4.301099,0.014966,0.002902,-0.00733,32.5,64.7067775529728
23122,-8.282756,-3.754937,4.304688,0.013744,-0.005345,-0.011606,32.5,64.669614005028
23132,-8.291131,-3.744768,4.302295,0.011301,-0.013744,-0.015882,32.51,64.6903025739338
23142,-8.282157,-3.751348,4.305884,0.009927,-0.022449,-0.020159,32.51,64.6585183615004
23152,-8.279764,-3.759723,4.306482,0.008705,-0.031154,-0.025045,32.5,64.658559836744
23162,-8.271988,-3.753142,4.323233,0.00672,-0.037874,-0.032529,32.5,64.5484443427085
23172,-8.262416,-3.760321,4.318447,0.00504,-0.051313,-0.036957,32.49,64.5590046724131
23182,-8.25464,-3.769892,4.325625,0.004734,-0.056658,-0.039859,32.51,64.5144593183828
23192,-8.235497,-3.760919,4.326822,0.003207,-0.061545,-0.042913,32.51,64.4563494790825
23202,-8.243275,-3.760919,4.334598,0.002902,-0.066432,-0.045509,32.54,64.4337320800231
23212,-8.22772,-3.771687,4.336392,0.002443,-0.068875,-0.048564,32.54,64.4006751643232
23222,-8.216953,-3.760919,4.351348,0.002291,-0.071166,-0.05116,32.54,64.2883949813854
23232,-8.204391,-3.768696,4.360321,0.001222,-0.072693,-0.053298,32.54,64.2219220824685
23242,-8.189436,-3.768098,4.353741,0.001527,-0.07254,-0.052993,32.52,64.2213920530923
23252,-8.185248,-3.756732,4.367499,0.001069,-0.072082,-0.05452,32.52,64.129187061081
23262,-8.180463,-3.767499,4.377071,0.000916,-0.070402,-0.054825,32.47,64.0802818284522
23272,-8.160124,-3.753741,4.38425,0.001374,-0.067348,-0.054214,32.47,63.9825590506471
23282,-8.164311,-3.764508,4.38425,0.002138,-0.063377,-0.054062,32.52,64.0034317227363
23292,-8.149954,-3.757928,4.402196,0.002291,-0.058185,-0.052076,32.52,63.8712992956389
23302,-8.151151,-3.76391,4.403392,0.002443,-0.052382,-0.05116,32.54,63.8742135412647
23312,-8.140383,-3.763312,4.408776,0.003054,-0.045509,-0.049022,32.54,63.8211864962347
23322,-8.120642,-3.75733,4.407579,0.003512,-0.03711,-0.045968,32.52,63.7755864738261
23332,-8.112864,-3.759125,4.412365,0.003971,-0.02978,-0.044135,32.52,63.734908320349
23342,-8.109874,-3.759125,4.424329,0.005956,-0.009774,-0.036499,32.5,63.6663786556966
23355,-8.116454,-3.771089,4.4339,0.006261,0.000305,-0.032376,32.49,63.6451761381968
23362,-8.097312,-3.759723,4.424927,0.006872,0.010537,-0.028405,32.49,63.634871315902
23372,-8.120044,-3.754339,4.420142,0.008094,0.021075,-0.025198,32.51,63.7063117307268
23382,-8.099705,-3.759723,4.422534,0.008247,0.031612,-0.020159,32.51,63.6527414489415
23392,-8.108678,-3.753142,4.421937,0.009774,0.042302,-0.01573,32.52,63.6695217023328
23402,-8.114061,-3.753741,4.41416,0.010843,0.051618,-0.012675,32.52,63.7226683318743
23412,-8.107481,-3.742973,4.412365,0.01237,0.06017,-0.007483,32.51,63.7052115717261
23422,-8.118848,-3.764508,4.396811,0.013286,0.068875,-0.003971,32.51,63.8346205246451
23432,-8.121839,-3.765705,4.392026,0.014508,0.077122,0.000305,32.53,63.8674479392519
23492,-8.190632,-3.75733,4.348955,0.021991,0.101556,0.016188,32.52,64.237581957065
23502,-8.19781,-3.756134,4.339384,0.022907,0.100945,0.016799,32.52,64.3019310259061
23512,-8.219346,-3.76391,4.334,0.023213,0.09728,0.01741,32.51,64.3862055242837
23522,-8.23789,-3.751348,4.329813,0.02474,0.093004,0.016952,32.49,64.4365229628245
23532,-8.246264,-3.753142,4.319643,0.025198,0.08827,0.015882,32.49,64.5094975012367
23542,-8.245667,-3.756732,4.314857,0.025962,0.081856,0.013897,32.52,64.5364815192842
23552,-8.264212,-3.756732,4.311268,0.025351,0.074373,0.011912,32.52,64.5963294068195
23562,-8.27139,-3.742374,4.293921,0.025198,0.066584,0.009316,32.5,64.6872124700029
23572,-8.270791,-3.748955,4.303492,0.025198,0.057574,0.006872,32.5,64.643169252997
23582,-8.280362,-3.760321,4.292126,0.025045,0.048106,0.004276,32.54,64.7344141277658
23592,-8.273782,-3.753142,4.291527,0.02474,0.039401,0.001374,32.54,64.7156989405069
23632,-8.277969,-3.76391,4.285545,0.02138,0.000153,-0.01405,32.5,64.7666466466354
23652,-8.271988,-3.765705,4.302295,0.018021,-0.017715,-0.020769,32.47,64.6688960043837
23792,-8.169096,-3.771089,4.381258,0.002291,-0.053909,-0.04612,32.5,64.0366504304776
23802,-8.163713,-3.759125,4.393821,0.003512,-0.04948,-0.045815,32.5,63.947144294747
23812,-8.152946,-3.763312,4.400401,0.002596,-0.044135,-0.043677,32.5,63.8930794179169
23822,-8.151749,-3.758526,4.411767,0.002443,-0.037721,-0.042302,32.5,63.8268195626061
23832,-8.138588,-3.761517,4.391428,0.002443,-0.032376,-0.041844,32.51,63.9045024023658
23842,-8.13799,-3.759723,4.408178,0.002443,-0.025962,-0.039554,32.51,63.8149581837888
23852,-8.125427,-3.763312,4.411767,0.002749,-0.01909,-0.036805,32.52,63.771409954554
23862,-8.130214,-3.756732,4.41057,0.004276,-0.003971,-0.031918,32.54,63.7815848988256
23872,-8.123035,-3.759125,4.405187,0.005803,0.003971,-0.02978,32.54,63.7953354273313
23882,-8.121839,-3.760919,4.40399,0.005345,0.011606,-0.026267,32.54,63.8006628424668
23892,-8.119445,-3.766303,4.405785,0.006414,0.019395,-0.024129,32.54,63.7916456948077
23902,-8.126624,-3.760321,4.402196,0.007789,0.027336,-0.0197,32.52,63.8202776598902
23912,-8.13141,-3.759723,4.401597,0.009163,0.034972,-0.017562,32.52,63.8337283841465
23922,-8.13141,-3.756732,4.404588,0.010996,0.041844,-0.014661,32.54,63.8151428222757
23932,-8.122437,-3.761517,4.406384,0.011301,0.048717,-0.012065,32.54,63.7903399246415
23942,-8.136195,-3.76391,4.400401,0.013134,0.055131,-0.008858,32.54,63.8553219078433
23952,-8.133204,-3.76391,4.383651,0.01405,0.060628,-0.00672,32.54,63.9348058642315
23962,-8.154141,-3.756732,4.380062,0.015272,0.06689,-0.002902,32.52,63.9936191761355
23972,-8.149356,-3.751946,4.382454,0.016493,0.072082,-0.000611,32.52,63.9653099826081
23982,-8.145766,-3.746562,4.376472,0.018021,0.076969,0.00168,32.52,63.9822837509904
23992,-8.154739,-3.75075,4.377669,0.018479,0.079412,0.002749,32.52,64.0010322449636
24002,-8.173882,-3.75733,4.369295,0.019853,0.082925,0.004429,32.54,64.0947335168409
24012,-8.175079,-3.757928,4.360919,0.020922,0.085216,0.006109,32.54,64.1412564689538
24022,-8.188837,-3.753142,4.356732,0.021686,0.086437,0.007178,32.52,64.1890718190355
24032,-8.2014,-3.753142,4.344768,0.02138,0.086896,0.009774,32.52,64.2791745595861
24042,-8.215158,-3.753142,4.335197,0.024435,0.08491,0.00901,32.54,64.3595430140252
24052,-8.222337,-3.751946,4.343571,0.023671,0.08323,0.009163,32.52,64.331325353343
24062,-8.230712,-3.745365,4.33041,0.023518,0.080023,0.007941,32.52,64.4112231042383
24072,-8.235497,-3.744768,4.326224,0.02306,0.076511,0.006261,32.53,64.4429323708659
24082,-8.244471,-3.752544,4.319643,0.023366,0.071319,0.00504,32.53,64.5048791145567
24102,-8.263614,-3.745964,4.319045,0.022144,0.05849,0.000458,32.54,64.5440542790441
24112,-8.268997,-3.75075,4.311268,0.02138,0.051618,-0.002443,32.55,64.6009354278143
24122,-8.272586,-3.756134,4.302894,0.021686,0.044135,-0.004276,32.55,64.6574783214878
24132,-8.272586,-3.745964,4.294518,0.020006,0.035125,-0.00672,32.51,64.6904015320539
24142,-8.280362,-3.751348,4.302295,0.018937,0.026878,-0.010079,32.51,64.6730104843041
24152,-8.274979,-3.759125,4.292724,0.017257,0.017257,-0.012523,32.52,64.7182040714948
24162,-8.266006,-3.766303,4.290929,0.016646,0.007789,-0.015577,32.52,64.7148075430202
24172,-8.279764,-3.75733,4.296313,0.015424,-0.00168,-0.018326,32.55,64.7085101572562
24182,-8.268997,-3.757928,4.295715,0.014203,-0.01069,-0.020617,32.55,64.6883121403308
24192,-8.268398,-3.764508,4.313063,0.013439,-0.018937,-0.023671,32.52,64.6042740630188
24202,-8.264212,-3.755535,4.304688,0.012217,-0.027794,-0.028405,32.52,64.6290153916256
24212,-8.254042,-3.758526,4.304688,0.010079,-0.044135,-0.029932,32.49,64.6094063428915
24222,-8.253444,-3.76391,4.309474,0.009316,-0.051007,-0.031765,32.53,64.588869363175
24232,-8.246863,-3.755535,4.324429,0.008552,-0.05681,-0.033445,32.53,64.4886191635058
24412,-8.12782,-3.754937,4.432106,0.005192,0.018326,-0.029169,32.52,63.6633652184778
24422,-8.128419,-3.761517,4.426722,0.005803,0.028253,-0.027336,32.52,63.6994460196039
24432,-8.120044,-3.753142,4.425525,0.007025,0.038026,-0.025198,32.5,63.6773286155834
24442,-8.126624,-3.744169,4.413561,0.006872,0.047189,-0.023976,32.5,63.7445512543353
24452,-8.132008,-3.754339,4.414758,0.00733,0.056047,-0.022297,32.53,63.7616123925161
24462,-8.120044,-3.753741,4.405785,0.008705,0.064599,-0.01909,32.53,63.7796302452232
24472,-8.134999,-3.756732,4.406384,0.010232,0.071929,-0.016188,32.5,63.8141447797478
24482,-8.142776,-3.760321,4.389633,0.011301,0.078038,-0.013286,32.5,63.9220813600807
24492,-8.152946,-3.755535,4.380062,0.011454,0.08323,-0.011148,32.52,63.989629420706
24502,-8.160722,-3.752544,4.377669,0.013439,0.087812,-0.007025,32.52,64.0165793912696
24512,-8.154141,-3.756732,4.364508,0.014355,0.08995,-0.004887,32.53,64.073853185543
24522,-8.1679,-3.751946,4.348357,0.015272,0.092393,-0.002749,32.53,64.1835449677087
24532,-8.183454,-3.750151,4.344768,0.016952,0.093157,-0.000305,32.48,64.2354862435273
24542,-8.170293,-3.752544,4.334,0.018631,0.09331,0.001527,32.48,64.2637963664948
24552,-8.204391,-3.750151,4.325027,0.019853,0.089797,0.00672,32.49,64.384702600167
24562,-8.207382,-3.74058,4.324429,0.022449,0.086285,0.008399,32.52,64.3846881981633
24572,-8.225328,-3.746562,4.312464,0.023213,0.082161,0.010843,32.52,64.4929438784254
24582,-8.221739,-3.750151,4.319643,0.023671,0.076511,0.011454,32.54,64.4515017426314
24592,-8.231908,-3.742973,4.307081,0.024893,0.071013,0.011606,32.54,64.5318255307204
24602,-8.247462,-3.741179,4.301099,0.026114,0.064599,0.012675,32.49,64.5956686808366
24612,-8.249854,-3.746562,4.301697,0.025962,0.057421,0.012523,32.49,64.6033730068775
24622,-8.25165,-3.744768,4.301697,0.025656,0.049786,0.011454,32.54,64.6055625335916
24632,-8.261818,-3.742374,4.304688,0.025962,0.040928,0.010079,32.54,64.6103874729103
24642,-8.266006,-3.736392,4.301697,0.025504,0.033903,0.008399,32.54,64.6291105731753
24652,-8.271988,-3.745365,4.297509,0.025045,0.025656,0.00672,32.54,64.6730496076283
24662,-8.271988,-3.753741,4.302894,0.023976,0.016188,0.004276,32.48,64.6537364687457
24692,-8.280961,-3.748955,4.30409,0.020311,-0.00733,-0.003665,32.54,64.6626915149172
24712,-8.27139,-3.748357,4.325625,0.016952,-0.02138,-0.011759,32.53,64.529971060481
24732,-8.261818,-3.767499,4.33041,0.012065,-0.038332,-0.024587,32.53,64.5034269960539
24752,-8.255836,-3.754339,4.331607,0.00733,-0.047495,-0.032529,32.5,64.4705252003073
24772,-8.249854,-3.759125,4.35075,0.003818,-0.053603,-0.040012,32.5,64.3636020784048
24822,-8.199007,-3.769892,4.372285,-0.000764,-0.056352,-0.051465,32.51,64.1494497062159
24842,-8.169096,-3.77049,4.381258,-0.001833,-0.053298,-0.053756,32.53,64.0360211849918
24852,-8.172686,-3.767499,4.385446,-0.002443,-0.050702,-0.054214,32.46,64.0195003689726
24862,-8.172088,-3.772285,4.388436,-0.002596,-0.047037,-0.053603,32.46,64.0077849247803
24872,-8.163115,-3.768098,4.390232,-0.00168,-0.042761,-0.053298,32.54,63.9736909949665
24882,-8.149356,-3.769294,4.393223,-0.001527,-0.037568,-0.051465,32.54,63.928133901889
24892,-8.139785,-3.778865,4.399803,-0.00168,-0.032376,-0.050091,32.48,63.8825110466265
24912,-8.117052,-3.774678,4.406384,0.001374,-0.012981,-0.041233,32.48,63.7920022449333
24922,-8.120642,-3.766303,4.402196,0.002291,-0.005498,-0.038179,32.53,63.8128950148276
24932,-8.115258,-3.758526,4.41057,0.00336,0.002596,-0.034056,32.53,63.7490402096472
24942,-8.105686,-3.759125,4.400401,0.00504,0.010232,-0.030085,32.51,63.780049590718
24952,-8.106883,-3.762714,4.408776,0.005956,0.018479,-0.025045,32.51,63.7434489620604
24962,-8.108678,-3.761517,4.402196,0.007178,0.026725,-0.021075,32.51,63.7802426950361
24972,-8.105088,-3.763312,4.403392,0.00901,0.034972,-0.016493,32.51,63.7677174048453
24982,-8.123035,-3.754339,4.398008,0.009621,0.042608,-0.011912,32.49,63.8272502060619
24992,-8.129615,-3.765106,4.399803,0.010843,0.049633,-0.006414,32.49,63.8445701233602
25002,-8.130812,-3.752544,4.391428,0.011759,0.056963,-0.001374,32.52,63.8771570297391
25012,-8.127223,-3.75733,4.383651,0.013439,0.064599,0.001527,32.52,63.9141215880322
25022,-8.143971,-3.744768,4.382454,0.014203,0.069944,0.00504,32.48,63.9454178864837
25032,-8.147561,-3.751348,4.379463,0.015424,0.076053,0.009163,32.48,63.9759984622217
25042,-8.152347,-3.753741,4.378866,0.016035,0.08094,0.012217,32.52,63.9925392801832
25052,-8.172686,-3.746562,4.375875,0.017257,0.084758,0.013744,32.52,64.0468499752211
25062,-8.185846,-3.75075,4.366901,0.017868,0.086896,0.016799,32.51,64.1273962135764
25072,-8.200203,-3.75733,4.354339,0.018479,0.089492,0.018326,32.51,64.2314760847535
25082,-8.198408,-3.734598,4.34417,0.020006,0.088575,0.019548,32.55,64.2563460939529
25092,-8.209177,-3.754339,4.341179,0.019548,0.087354,0.018631,32.5,64.3164622151141
25102,-8.22473,-3.748955,4.34058,0.020769,0.083536,0.018021,32.5,64.3490468112888
25112,-8.243872,-3.751348,4.32742,0.020922,0.080634,0.016799,32.52,64.4622546890399
25122,-8.245069,-3.748357,4.319643,0.020617,0.076358,0.014661,32.52,64.5019560153235
25132,-8.257033,-3.754339,4.31725,0.020159,0.070555,0.012675,32.53,64.5470954237159
25142,-8.25165,-3.744768,4.309474,0.021533,0.064446,0.011301,32.53,64.5654461034715
25152,-8.26481,-3.756134,4.309474,0.020159,0.058032,0.008094,32.49,64.606295221264
25162,-8.276773,-3.75733,4.307081,0.020006,0.049022,0.004276,32.49,64.6464242439926
25172,-8.287541,-3.749553,4.293921,0.0197,0.040928,0.000611,32.48,64.7302564618586
25182,-8.2678,-3.751946,4.296313,0.019548,0.033292,-0.002291,32.48,64.676538202457
25192,-8.283952,-3.749553,4.301099,0.01909,0.023366,-0.005803,32.5,64.6853325027946
25202,-8.266006,-3.759723,4.292126,0.017715,0.014813,-0.007941,32.5,64.7019910466448
25212,-8.275578,-3.756134,4.292724,0.017257,0.005345,-0.012217,32.48,64.7165212572235
25222,-8.278568,-3.744169,4.3005,0.016341,-0.003054,-0.014813,32.48,64.6710547811833
25232,-8.277372,-3.753741,4.303492,0.015119,-0.012828,-0.018326,32.5,64.6626162640451
25242,-8.257033,-3.759723,4.309474,0.013897,-0.020769,-0.025351,32.5,64.5926137643052
25252,-8.269596,-3.759723,4.316652,0.011148,-0.036041,-0.027184,32.49,64.583626938796
25262,-8.252247,-3.753142,4.329215,0.009774,-0.043219,-0.029016,32.5,64.4735871644099
25272,-8.245069,-3.760919,4.33041,0.00901,-0.049327,-0.030849,32.5,64.4593018382855
25282,-8.23789,-3.754937,4.326822,0.00733,-0.054672,-0.032987,32.49,64.4555962800324
25292,-8.2349,-3.756134,4.335197,0.005651,-0.059254,-0.034819,32.49,64.4069807339708
25302,-8.230712,-3.763312,4.334,0.003818,-0.062766,-0.036194,32.48,64.4111032090218
25312,-8.220542,-3.766901,4.350152,0.002902,-0.064904,-0.036346,32.48,64.308801280841
25322,-8.210373,-3.758526,4.34417,0.001985,-0.067195,-0.037874,32.52,64.3080618990007
25332,-8.207382,-3.761517,4.362116,0.000153,-0.067348,-0.038637,32.52,64.2120015480634
25342,-8.190034,-3.762714,4.362714,-0.000916,-0.066432,-0.03879,32.54,64.1709141931664
25356,-8.175079,-3.760919,4.38425,-0.00336,-0.062003,-0.037568,32.54,64.0242031028116
25362,-8.175079,-3.760919,4.38425,-0.00336,-0.062003,-0.037568,32.51,64.0242031028116
25372,-8.168499,-3.766901,4.387838,-0.004429,-0.059101,-0.038637,32.51,63.9970270095856
25382,-8.158329,-3.772883,4.38724,-0.004429,-0.053756,-0.037263,32.47,63.9832163647587
25392,-8.155936,-3.768696,4.400401,-0.005345,-0.049022,-0.036957,32.47,63.9056096143222
25402,-8.145766,-3.759723,4.41057,-0.005956,-0.043371,-0.036652,32.47,63.8205100731391
25412,-8.143971,-3.760321,4.403392,-0.006109,-0.036652,-0.034667,32.47,63.8539564014322
25422,-8.142178,-3.764508,4.408776,-0.005192,-0.021991,-0.032681,32.52,63.8265761992725
25432,-8.133802,-3.766303,4.424927,-0.005192,-0.013592,-0.031154,32.48,63.7261815071877
25442,-8.139186,-3.751946,4.41057,-0.004581,-0.005651,-0.030696,32.48,63.7971462420066
25452,-8.134401,-3.762115,4.417749,-0.003971,0.002749,-0.028558,32.55,63.7600046610535
25462,-8.115856,-3.762115,4.400999,-0.00336,0.010537,-0.027336,32.55,63.8035879004684
25472,-8.118848,-3.762115,4.41057,-0.002138,0.018631,-0.025351,32.48,63.761147374059
25482,-8.126624,-3.757928,4.395615,-0.000611,0.025656,-0.02306,32.48,63.8516571441027
25492,-8.138588,-3.762714,4.411169,0.000764,0.033445,-0.021075,32.51,63.8041167256526
25502,-8.140981,-3.746562,4.393821,0.002138,0.04047,-0.018326,32.51,63.8818375848483
25512,-8.136793,-3.765705,4.39083,0.003512,0.047647,-0.01573,32.55,63.907909716208
25522,-8.146963,-3.753142,4.394419,0.004429,0.053451,-0.013286,32.55,63.8994281306206
25532,-8.146963,-3.755535,4.378268,0.005803,0.058948,-0.011606,32.54,63.9852062209986
25542,-8.145766,-3.756732,4.378268,0.007941,0.063377,-0.008705,32.54,63.9837313756945
25552,-8.164909,-3.756732,4.383053,0.009468,0.067653,-0.006414,32.5,64.0027903079802
25562,-8.157133,-3.763312,4.371089,0.010843,0.071013,-0.003971,32.5,64.0536299300705
25572,-8.1679,-3.759125,4.363312,0.011912,0.074373,-0.001833,32.52,64.1138537806662
25582,-8.17149,-3.758526,4.353143,0.013592,0.075595,0.000153,32.52,64.1738488149076
25592,-8.179267,-3.759125,4.346562,0.016341,0.077274,0.004276,32.52,64.2260703688068
25602,-8.195418,-3.752544,4.348955,0.016799,0.0759,0.005192,32.54,64.2434464309734
25612,-8.209177,-3.753741,4.339384,0.018173,0.075136,0.006414,32.54,64.3250997102467
25622,-8.208578,-3.748955,4.339384,0.018631,0.072846,0.006414,32.52,64.3188174163657
25632,-8.218149,-3.745964,4.336392,0.018326,0.070402,0.008094,32.52,64.3527412371568
25642,-8.227122,-3.749553,4.333402,0.018784,0.067806,0.007636,32.54,64.3920219638465
25652,-8.236095,-3.745964,4.321437,0.019395,0.063072,0.008705,32.54,64.470172092864
25662,-8.232506,-3.748955,4.314259,0.018937,0.05849,0.008552,32.53,64.502205740961
25672,-8.239087,-3.753142,4.309474,0.018326,0.053451,0.006261,32.53,64.5458858455681
25682,-8.255836,-3.752544,4.317849,0.018021,0.048106,0.005498,32.52,64.5395175038418
25692,-8.257033,-3.748955,4.309474,0.01741,0.041692,0.003665,32.52,64.5817011310997
25702,-8.256434,-3.750151,4.307679,0.017257,0.03543,0.001527,32.5,64.5908291358928
25712,-8.259426,-3.751348,4.30409,0.016493,0.028253,0,32.5,64.617210195776
25722,-8.274979,-3.745365,4.309474,0.016493,0.022297,-0.000764,32.55,64.6180577673383
25732,-8.255836,-3.760919,4.312464,0.015424,0.014813,-0.003971,32.55,64.5757557297162
25742,-8.260024,-3.759125,4.31725,0.014966,0.00672,-0.006109,32.49,64.5586218179722
25752,-8.262416,-3.751946,4.299902,0.013439,-0.000916,-0.008399,32.49,64.6460629317685
25762,-8.263015,-3.753741,4.310072,0.012675,-0.015272,-0.013744,32.48,64.5967970965032
25772,-8.259426,-3.757928,4.318447,0.011912,-0.021533,-0.016341,32.52,64.5499115904592
25782,-8.253444,-3.760919,4.316652,0.01069,-0.027794,-0.018173,32.52,64.5488502622137
25792,-8.258228,-3.767499,4.311867,0.009621,-0.033903,-0.020311,32.55,64.5908386194397
25802,-8.254042,-3.771687,4.33041,0.008552,-0.039248,-0.022297,32.55,64.4903420125464
25812,-8.24148,-3.762115,4.332206,0.007941,-0.04444,-0.02474,32.52,64.4432452824732
25822,-8.234302,-3.766303,4.338786,0.008247,-0.048411,-0.026267,32.52,64.397583564616
25832,-8.236095,-3.766901,4.341179,0.006567,-0.052687,-0.028405,32.52,64.3899050409073
25842,-8.218149,-3.772883,4.34417,0.005651,-0.055894,-0.030696,32.52,64.3403776098174
25852,-8.22473,-3.77049,4.354938,0.003818,-0.057421,-0.032223,32.48,64.2973087492215
25862,-8.215756,-3.76391,4.35075,0.002902,-0.058796,-0.034056,32.48,64.2918618919289
25872,-8.199606,-3.769892,4.362116,0.002902,-0.059712,-0.034361,32.52,64.2031162300418
25882,-8.190034,-3.767499,4.359723,0.001374,-0.058185,-0.035888,32.52,64.191300302053
25892,-8.184052,-3.776472,4.382454,0.000764,-0.05681,-0.036346,32.49,64.0701357057068
25902,-8.17448,-3.768696,4.383651,-0.000153,-0.055131,-0.037874,32.49,64.0340750539603
25912,-8.176873,-3.767499,4.381856,-0.001527,-0.051618,-0.037415,32.49,64.0474993299271
25922,-8.164311,-3.772883,4.386642,-0.001833,-0.047342,-0.036957,32.49,63.999930596767
25932,-8.162517,-3.766901,4.399205,-0.002749,-0.042302,-0.036652,32.52,63.9249081376458
25942,-8.14457,-3.762115,4.412365,-0.003054,-0.030391,-0.035583,32.53,63.8110684060308
25952,-8.139785,-3.760321,4.409374,-0.00336,-0.023824,-0.034972,32.53,63.8135617175842
25962,-8.134401,-3.765106,4.401597,-0.00336,-0.015882,-0.033292,32.55,63.8463153196143
25972,-8.134401,-3.758526,4.40399,-0.003054,-0.008399,-0.03146,32.55,63.8270030745962
25982,-8.132008,-3.757928,4.407579,-0.003054,-0.000458,-0.029627,32.48,63.8023846411988
25992,-8.128419,-3.756732,4.409972,-0.001985,0.008399,-0.027947,32.48,63.7805321839374
26002,-8.13799,-3.760919,4.408178,-0.00168,0.016646,-0.025045,32.48,63.8162278026889
26012,-8.129017,-3.769892,4.406384,-0.00168,0.025045,-0.023824,32.48,63.8143933103025
26022,-8.126026,-3.759723,4.403392,0.000153,0.032987,-0.021075,32.5,63.8121032860299
26032,-8.129017,-3.753741,4.405187,0.001374,0.040623,-0.018173,32.5,63.8033745889872
26042,-8.130812,-3.756134,4.40399,0.002749,0.047342,-0.015272,32.52,63.8162129494696
26052,-8.137392,-3.753741,4.385446,0.004734,0.054367,-0.011759,32.52,63.9243766133018
26062,-8.152347,-3.751946,4.389633,0.005498,0.061087,-0.009927,32.48,63.9351546173834
26072,-8.154141,-3.753741,4.38724,0.00672,0.065515,-0.008094,32.48,63.9534789161428
26082,-8.155936,-3.750151,4.378268,0.008094,0.070708,-0.005345,32.52,64.0000491344405
26092,-8.161918,-3.748357,4.371089,0.011301,0.074373,-0.002138,32.52,64.0488451356984
26102,-8.175079,-3.745365,4.345964,0.012065,0.076816,-0.000611,32.5,64.2053494912492
26112,-8.195418,-3.752544,4.347759,0.01405,0.078496,0.003207,32.5,64.2496135855356
26122,-8.184649,-3.742973,4.34417,0.015119,0.078649,0.004429,32.5,64.2338357917295
26132,-8.206783,-3.732804,4.335197,0.016188,0.077122,0.006109,32.47,64.3197495965604
26142,-8.208578,-3.735795,4.32742,0.01741,0.075442,0.00733,32.47,64.3670244219921
26152,-8.212168,-3.745365,4.329813,0.018326,0.072235,0.008705,32.53,64.3725888613259
26162,-8.214561,-3.748955,4.323233,0.018937,0.068264,0.008858,32.53,64.4156204527814
26172,-8.225328,-3.739383,4.321437,0.018784,0.062919,0.008858,32.52,64.4392911134762
26182,-8.238488,-3.745964,4.310072,0.019242,0.057879,0.00901,32.52,64.5341559762311
26192,-8.246863,-3.741179,4.313063,0.018937,0.052229,0.009163,32.49,64.5325995895253
26202,-8.242078,-3.744169,4.308277,0.018631,0.045051,0.007025,32.49,64.5496237763032
26212,-8.255239,-3.741776,4.301099,0.01909,0.038332,0.006567,32.51,64.6136262343368
26222,-8.255239,-3.749553,4.304688,0.01909,0.031154,0.006261,32.51,64.6029809507139
26232,-8.252846,-3.744768,4.317849,0.018479,0.024587,0.005192,32.49,64.5249487364921
26242,-8.248059,-3.749553,4.305884,0.018021,0.016799,0.002902,32.49,64.5807972585414
26252,-8.26481,-3.759125,4.31067,0.016646,0.009468,0.001069,32.46,64.6031623156783
26262,-8.258228,-3.751348,4.311867,0.01573,0.001833,-0.001833,32.46,64.5744579556508
26272,-8.269596,-3.746562,4.318447,0.014355,-0.00504,-0.00336,32.5,64.5610829145653
26282,-8.25464,-3.764508,4.321437,0.014203,-0.017562,-0.008705,32.5,64.5305300361791
26292,-8.254042,-3.759125,4.319643,0.012217,-0.023976,-0.010996,32.53,64.5329578242
26302,-8.263015,-3.748955,4.335197,0.011148,-0.029322,-0.015119,32.48,64.462650470144
26312,-8.254042,-3.759723,4.329813,0.009621,-0.032987,-0.01741,32.48,64.4812217194016
26322,-8.248059,-3.757928,4.341179,0.007636,-0.037415,-0.020769,32.5,64.4075432008247
26332,-8.245667,-3.754937,4.350152,0.006261,-0.041081,-0.023366,32.5,64.3529955042651
26342,-8.233105,-3.763312,4.342973,0.005192,-0.043982,-0.026878,32.51,64.3702846611874
26352,-8.223534,-3.772285,4.348955,0.004276,-0.045815,-0.029016,32.51,64.3272398189766
26362,-8.231908,-3.77049,4.356134,0.002902,-0.047189,-0.03207,32.49,64.3073019174021
26372,-8.219346,-3.759723,4.359723,0.00168,-0.047953,-0.034514,32.49,64.2494689385958
26382,-8.218747,-3.768696,4.364508,0.001222,-0.048564,-0.037263,32.51,64.232786951247
26392,-8.212766,-3.781258,4.367499,-0.000764,-0.048258,-0.039706,32.51,64.2169457397
26402,-8.198408,-3.761517,4.375875,-0.001833,-0.046426,-0.041386,32.5,64.1209189242427
26412,-8.191828,-3.768098,4.378866,-0.002596,-0.044288,-0.042761,32.5,64.0974738525652
26422,-8.191828,-3.775276,4.378268,-0.003054,-0.042302,-0.044288,32.51,64.1080418004184
26432,-8.172088,-3.769294,4.388436,-0.004429,-0.040164,-0.044899,32.51,64.0046422113098
26442,-8.17807,-3.76391,4.385446,-0.005345,-0.035583,-0.045968,32.46,64.0279937594817
26452,-8.15773,-3.759125,4.399205,-0.005651,-0.031307,-0.045357,32.46,63.9057627256495
26462,-8.146963,-3.769892,4.387838,-0.005498,-0.021991,-0.044288,32.52,63.9510299020677
26472,-8.143971,-3.769294,4.398008,-0.005803,-0.016646,-0.042913,32.5,63.8911776541824
26482,-8.138588,-3.758526,4.399803,-0.005651,-0.011454,-0.041081,32.5,63.8581826207605
26492,-8.137392,-3.75733,4.399803,-0.00504,-0.006414,-0.038485,32.49,63.8541696256006
26502,-8.142776,-3.767499,4.393223,-0.004123,-0.001374,-0.036346,32.49,63.9111809065657
26512,-8.134999,-3.765705,4.393223,-0.003054,0.003971,-0.032834,32.49,63.8914654340001
26522,-8.13799,-3.77049,4.389035,-0.002138,0.010843,-0.029627,32.49,63.924975084204
26532,-8.123632,-3.763312,4.387838,-0.00168,0.017104,-0.026573,32.5,63.8906251376617
26542,-8.13141,-3.765705,4.383053,0.000153,0.022449,-0.021533,32.5,63.9356857289856
26552,-8.130214,-3.756732,4.39083,0.001374,0.028558,-0.017868,32.5,63.8833087940596
26562,-8.133204,-3.763312,4.386044,0.002596,0.033903,-0.012675,32.5,63.9218279016695
26572,-8.140383,-3.756732,4.38724,0.004429,0.038332,-0.00901,32.52,63.9251410871273
26582,-8.135597,-3.751946,4.38724,0.005345,0.043524,-0.005345,32.52,63.9091083066733
26592,-8.142178,-3.75075,4.375875,0.00672,0.048869,-0.001069,32.54,63.9815654649127
26602,-8.151151,-3.750151,4.369295,0.008552,0.053145,0.002749,32.54,64.0354102524288
26612,-8.149954,-3.748357,4.368098,0.010385,0.05681,0.005345,32.52,64.0369712340909
26622,-8.166105,-3.753142,4.360321,0.011301,0.06017,0.008247,32.52,64.1189441469658
26632,-8.165507,-3.748955,4.357928,0.01405,0.06521,0.013744,32.54,64.125558879324
26642,-8.176873,-3.75075,4.357928,0.016188,0.066279,0.014966,32.53,64.1532712719385
26652,-8.195418,-3.736991,4.352544,0.016188,0.067042,0.016646,32.53,64.2088452892866
26662,-8.190034,-3.739982,4.355535,0.017715,0.06689,0.016799,32.47,64.1843043332521
26672,-8.20798,-3.737589,4.351946,0.018021,0.065973,0.016646,32.47,64.2410001226184
26682,-8.221141,-3.731607,4.339982,0.018631,0.064599,0.017715,32.55,64.3262570377772
26692,-8.222935,-3.74716,4.341179,0.01909,0.062156,0.015882,32.55,64.3400780748441
26702,-8.228917,-3.739982,4.332206,0.018631,0.059101,0.014813,32.52,64.392428181748
26712,-8.240881,-3.745964,4.323831,0.018937,0.0562,0.014508,32.52,64.4685582684552
26722,-8.25165,-3.751946,4.322634,0.018479,0.051007,0.012675,32.5,64.5049155232846
26732,-8.245069,-3.750151,4.326822,0.019242,0.04612,0.010079,32.5,64.4667957525028
26742,-8.248059,-3.750151,4.316054,0.018937,0.040775,0.007178,32.52,64.5289640258785
26752,-8.255836,-3.756732,4.319643,0.018479,0.035125,0.005192,32.52,64.5345304734383
26762,-8.264212,-3.751946,4.311268,0.017868,0.028711,0.002443,32.51,64.5914870335318
26772,-8.259426,-3.748955,4.313661,0.017257,0.022602,-0.001222,32.51,64.5654636683204
26782,-8.261221,-3.741776,4.313063,0.015882,0.016035,-0.00504,32.55,64.5652864099747
26792,-8.266006,-3.753741,4.320839,0.016188,0.008552,-0.007941,32.55,64.5480293596625
26802,-8.266006,-3.760919,4.319643,0.014508,-0.005651,-0.015577,32.5,64.5614550112144
26812,-8.268398,-3.749553,4.317849,0.01237,-0.012981,-0.019395,32.53,64.5645122603121
26822,-8.260024,-3.756134,4.326224,0.011759,-0.01909,-0.021686,32.53,64.5094007141884
26832,-8.244471,-3.751348,4.317849,0.010537,-0.024893,-0.023518,32.5,64.5129077318669
26842,-8.247462,-3.760321,4.32742,0.009163,-0.031307,-0.027642,32.5,64.479435686269
26852,-8.250452,-3.75075,4.328616,0.007483,-0.036957,-0.029322,32.47,64.4702198472097
26862,-8.242676,-3.769294,4.335197,0.006872,-0.041233,-0.031001,32.47,64.4378731756842
26872,-8.237292,-3.753741,4.335197,0.005651,-0.045051,-0.03375,32.55,64.4098998872138
26882,-8.222935,-3.760919,4.334598,0.004276,-0.0478,-0.035277,32.55,64.3881110915785
26892,-8.214561,-3.764508,4.348357,0.002291,-0.050702,-0.036805,32.51,64.3021060241732
26902,-8.210373,-3.762714,4.35075,0.001069,-0.052229,-0.03711,32.51,64.2784938887628
26912,-8.199007,-3.759125,4.358526,0,-0.052687,-0.037874,32.51,64.209066062415
26922,-8.190632,-3.762714,4.364508,-0.000611,-0.053145,-0.037721,32.51,64.1630302614582
26932,-8.18764,-3.759723,4.369893,-0.001374,-0.051618,-0.036805,32.53,64.1254048246761
26942,-8.180463,-3.761517,4.374678,-0.002749,-0.049938,-0.037568,32.53,64.0863442411129
26952,-8.181061,-3.773481,4.372285,-0.00336,-0.047495,-0.037568,32.52,64.112530279154
26962,-8.170293,-3.768696,4.383053,-0.003971,-0.043677,-0.03543,32.52,64.0276226497397
26972,-8.156534,-3.77408,4.39083,-0.00336,-0.039859,-0.032987,32.51,63.961905756786
26982,-8.149954,-3.768098,4.393821,-0.005651,-0.029016,-0.032834,32.5,63.9251578424188
26992,-8.139785,-3.75733,4.402196,-0.004581,-0.023213,-0.031612,32.5,63.8473387008717
27002,-8.150552,-3.762115,4.400401,-0.00504,-0.017104,-0.02978,32.51,63.8863325561823
27012,-8.148159,-3.766901,4.402793,-0.005651,-0.010079,-0.028863,32.51,63.8736072298584
27022,-8.136793,-3.769892,4.407579,-0.004581,-0.002749,-0.027031,32.5,63.8260954765855
27032,-8.141579,-3.756732,4.406384,-0.004276,0.004123,-0.02474,32.5,63.8292638241373
27042,-8.139186,-3.756134,4.406384,-0.004123,0.011301,-0.023213,32.56,63.8231328967681
27052,-8.134999,-3.764508,4.402196,-0.00336,0.019395,-0.022144,32.56,63.8439677681327
27062,-8.138588,-3.757928,4.405785,-0.003207,0.02642,-0.020617,32.54,63.8267452110605
27072,-8.148159,-3.760919,4.393821,-0.002443,0.032834,-0.01909,32.54,63.9134627516015
27082,-8.151749,-3.754937,4.402793,-0.000916,0.039859,-0.017562,32.51,63.8691821840819
27092,-8.152946,-3.762714,4.394419,-0.000305,0.045509,-0.016493,32.51,63.9232341823479
27102,-8.143971,-3.754937,4.391428,0.001069,0.050855,-0.015272,32.46,63.9098772603868
27112,-8.158927,-3.760919,4.378268,0.002291,0.055894,-0.014203,32.46,64.01819414707
27122,-8.161918,-3.767499,4.378866,0.002902,0.059559,-0.012523,32.48,64.0288501150612
27132,-8.166704,-3.755535,4.365107,0.003971,0.062461,-0.011606,32.48,64.0981184772962
27142,-8.181061,-3.751946,4.365705,0.00504,0.065363,-0.01069,32.49,64.1239337860836
27152,-8.180463,-3.753142,4.356134,0.008247,0.067959,-0.00733,32.51,64.1731657407739
27162,-8.19123,-3.754937,4.34417,0.010079,0.068417,-0.004887,32.51,64.2611346036142
27172,-8.195418,-3.752544,4.353143,0.010843,0.068264,-0.002443,32.52,64.221856125491
27182,-8.19781,-3.748357,4.331607,0.011912,0.065973,-0.002596,32.52,64.3340383525182
27192,-8.201998,-3.751348,4.336991,0.014203,0.064141,-0.000153,32.53,64.3187842329066
27202,-8.209177,-3.753142,4.328018,0.015577,0.061697,0.001222,32.53,64.3831136349865
27212,-8.218149,-3.74716,4.326822,0.015577,0.057574,0.001833,32.49,64.4033253997942
27222,-8.221141,-3.741776,4.316652,0.016035,0.053756,0.001985,32.49,64.4570318988937
27232,-8.221141,-3.751946,4.319045,0.017257,0.049175,0.003971,32.47,64.4550840766484
27242,-8.22772,-3.744169,4.308876,0.018173,0.044135,0.005498,32.47,64.5143926351944
27252,-8.239087,-3.751946,4.30409,0.018784,0.038485,0.005345,32.5,64.5724544002178
27262,-8.233703,-3.744768,4.311268,0.019548,0.032529,0.005956,32.5,64.5160553243285
27272,-8.239684,-3.74058,4.307679,0.020006,0.025962,0.00672,32.47,64.5437097925147
27282,-8.230114,-3.741776,4.312464,0.019853,0.020159,0.005803,32.47,64.4987910159008
27292,-8.246264,-3.742374,4.303492,0.019853,0.014508,0.005498,32.52,64.5818519740809
27302,-8.25165,-3.752544,4.31067,0.018631,0.008247,0.004429,32.52,64.5671655715193
27312,-8.252247,-3.760919,4.326224,0.019395,0.002596,0.002902,32.54,64.4968961106185
27322,-8.262416,-3.75075,4.323831,0.018021,-0.010079,-0.001069,32.54,64.5215925650096
27332,-8.248059,-3.756134,4.325027,0.016646,-0.014661,-0.001833,32.48,64.4888246168719
27342,-8.249854,-3.762115,4.325027,0.015119,-0.020159,-0.004429,32.49,64.4989292020615
27352,-8.239684,-3.765705,4.325625,0.014508,-0.024129,-0.00672,32.49,64.4767798758781
27362,-8.239684,-3.75075,4.34058,0.013897,-0.028711,-0.009621,32.52,64.3845036681389
27372,-8.243872,-3.755535,4.339982,0.012217,-0.03207,-0.011454,32.52,64.4018684583383
27382,-8.232506,-3.759125,4.347161,0.01069,-0.034361,-0.014508,32.5,64.3430967471763
27392,-8.2349,-3.753142,4.354339,0.009774,-0.037721,-0.016799,32.5,64.3054294571051
27402,-8.23131,-3.768098,4.354938,0.008094,-0.039706,-0.019395,32.47,64.3096419236808
27412,-8.218149,-3.761517,4.354339,0.005956,-0.040928,-0.022449,32.47,64.2763154803796
27422,-8.22772,-3.768098,4.362714,0.005192,-0.041844,-0.024587,32.48,64.2616075418029
27432,-8.215158,-3.767499,4.36391,0.003971,-0.04215,-0.027947,32.48,64.2265268733991
27442,-8.204391,-3.765106,4.367499,0.002902,-0.041844,-0.029932,32.53,64.181269747406
27452,-8.198408,-3.775276,4.378866,0.001833,-0.041692,-0.031612,32.53,64.11987417618
27462,-8.199007,-3.764508,4.375875,0.000305,-0.039554,-0.034208,32.5,64.1253883814987
27472,-8.202596,-3.765705,4.380062,-0.000458,-0.037568,-0.035888,32.5,64.1132471487866
27482,-8.189436,-3.760919,4.38724,-0.001985,-0.034667,-0.037415,32.5,64.0414990419036
27492,-8.185846,-3.771687,4.393821,-0.002749,-0.03207,-0.039248,32.5,64.0107856788983
27502,-8.168499,-3.759125,4.384848,-0.004276,-0.024893,-0.039095,32.49,64.0042485059512
27512,-8.162517,-3.765106,4.391428,-0.003971,-0.020769,-0.038637,32.52,63.9630213210436
27522,-8.15773,-3.759125,4.393821,-0.004429,-0.015882,-0.038332,32.52,63.9334685334687
27532,-8.162517,-3.762714,4.389035,-0.00504,-0.010385,-0.036805,32.48,63.9728192001269
27542,-8.152347,-3.75733,4.393821,-0.004429,-0.005651,-0.03543,32.48,63.9192604071966
27552,-8.13141,-3.766303,4.395017,-0.00504,0,-0.034667,32.49,63.8746252168085
27562,-8.147561,-3.767499,4.390232,-0.005192,0.005498,-0.032987,32.49,63.9375343719539
27572,-8.130214,-3.769294,4.393821,-0.004581,0.010996,-0.030696,32.48,63.8812254272343
27582,-8.133802,-3.756732,4.382454,-0.004276,0.016799,-0.029322,32.48,63.9347496184832
27592,-8.134999,-3.771089,4.386044,-0.002902,0.022907,-0.026114,32.52,63.9341847334506
27602,-8.148159,-3.759125,4.395615,-0.00168,0.028711,-0.023213,32.52,63.9023285252164
27612,-8.148758,-3.75075,4.392026,-0.000764,0.033903,-0.020769,32.48,63.9133454275125
27622,-8.145168,-3.75733,4.386642,0.000305,0.03879,-0.017562,32.48,63.9398133667281
27632,-8.146365,-3.755535,4.381856,0.001374,0.043371,-0.015119,32.49,63.9653336192595
27642,-8.153543,-3.751946,4.372285,0.002291,0.0478,-0.012523,32.49,64.0273279270536
27652,-8.159525,-3.751348,4.369295,0.00336,0.051771,-0.009621,32.46,64.0557757907693
27662,-8.158927,-3.756732,4.361517,0.004887,0.055131,-0.006567,32.46,64.1001942735832
27672,-8.1679,-3.748357,4.375276,0.007789,0.060781,-0.002596,32.52,64.0409015240421
27682,-8.172088,-3.747759,4.355535,0.008858,0.062156,0.000458,32.48,64.1516299841866
27692,-8.190034,-3.755535,4.357928,0.010385,0.06353,0.00168,32.48,64.1881059830471
27702,-8.19123,-3.742973,4.34417,0.012065,0.063225,0.002902,32.52,64.2487446265996
27712,-8.193623,-3.735795,4.34058,0.012523,0.062766,0.003512,32.52,64.2652762551077
27722,-8.199606,-3.747759,4.342973,0.014355,0.061697,0.005345,32.52,64.2788166117779
27732,-8.206185,-3.745365,4.328616,0.015272,0.060018,0.006261,32.52,64.3652872449736
27742,-8.223534,-3.736392,4.329215,0.015882,0.057727,0.006567,32.53,64.3920687911821
27752,-8.222935,-3.753741,4.322634,0.017562,0.054367,0.007636,32.53,64.4424293174262
27762,-8.22473,-3.742973,4.32742,0.018631,0.049786,0.00672,32.57,64.4107494945805
27772,-8.23131,-3.746562,4.320241,0.01909,0.04612,0.006567,32.57,64.4662212374446
27782,-8.238488,-3.756732,4.316054,0.01909,0.041692,0.007025,32.49,64.5142658470189
27792,-8.2349,-3.757928,4.31725,0.0197,0.03543,0.005192,32.49,64.5012931051394
27802,-8.246863,-3.745964,4.313063,0.020006,0.029932,0.003512,32.52,64.5374567906492
27812,-8.252247,-3.742374,4.316652,0.01909,0.023213,0.001833,32.52,64.5273498102546
27822,-8.250452,-3.748357,4.322036,0.018937,0.017868,0.001069,32.5,64.501669010822
27832,-8.256434,-3.74716,4.319643,0.018937,0.010843,-0.00168,32.5,64.526151971985
27842,-8.254042,-3.753741,4.313661,0.018784,-0.000916,-0.005345,32.48,64.558302754121
27852,-8.257631,-3.753741,4.32742,0.016952,-0.007483,-0.007789,32.48,64.4954713192297
27862,-8.247462,-3.75733,4.320839,0.015882,-0.012981,-0.009927,32.48,64.5102767768852
27872,-8.249256,-3.760321,4.328616,0.014355,-0.018784,-0.011912,32.51,64.4772911440155
27882,-8.249854,-3.76391,4.328018,0.013439,-0.024129,-0.014661,32.51,64.4853639942836
27892,-8.246264,-3.763312,4.336991,0.012828,-0.028405,-0.017104,32.46,64.4305591516466
27902,-8.244471,-3.760321,4.333402,0.011301,-0.032529,-0.01909,32.46,64.441954070226
27912,-8.233703,-3.769294,4.349553,0.009621,-0.035277,-0.021533,32.48,64.3439293368519
27922,-8.238488,-3.769892,4.347759,0.008552,-0.038943,-0.023671,32.48,64.3645042753999
27932,-8.221739,-3.764508,4.352544,0.00733,-0.041081,-0.025962,32.52,64.2967217879923
27942,-8.228917,-3.76391,4.358526,0.005345,-0.042913,-0.028405,32.52,64.2815065877103
27952,-8.222337,-3.767499,4.359723,0.00336,-0.043982,-0.030238,32.54,64.2642363193872
27962,-8.219346,-3.78066,4.362116,0.002749,-0.04383,-0.031918,32.54,64.2588077512439
27972,-8.20798,-3.768098,4.375276,0.001222,-0.043219,-0.03375,32.5,64.1525150947809
27982,-8.191828,-3.771089,4.383053,-0.000305,-0.042455,-0.035583,32.5,64.0790730769734
27992,-8.197212,-3.769892,4.386642,-0.000458,-0.039554,-0.036957,32.51,64.0715994795895
28002,-8.185846,-3.762714,4.387838,-0.00168,-0.037263,-0.037263,32.51,64.0321361535761
28012,-8.179864,-3.771687,4.396811,-0.00168,-0.034514,-0.039706,32.54,63.9818144124583
28022,-8.175079,-3.771089,4.394419,-0.002749,-0.027184,-0.038943,32.51,63.9825790287027
28032,-8.16132,-3.775874,4.384848,-0.003665,-0.022602,-0.039554,32.51,64.0055007520749
28042,-8.158329,-3.773481,4.386642,-0.003818,-0.016952,-0.03879,32.46,63.9869255797973
28052,-8.16132,-3.771687,4.402196,-0.004123,-0.012065,-0.037721,32.46,63.9118457316207
28062,-8.166105,-3.769294,4.399205,-0.003512,-0.006414,-0.036957,32.48,63.935624892168
28072,-8.158927,-3.764508,4.393223,-0.003207,-0.000611,-0.036652,32.48,63.9449556094597
28082,-8.13799,-3.751348,4.390232,-0.002902,0.00504,-0.034056,32.52,63.8985347716301
28092,-8.138588,-3.754937,4.398606,-0.002138,0.010996,-0.031765,32.52,63.8605459909597
28102,-8.142178,-3.769294,4.400999,-0.001222,0.016493,-0.029627,32.49,63.8716738649945
28112,-8.142178,-3.764508,4.389035,-0.000916,0.021991,-0.027031,32.49,63.9282233529546
28122,-8.146365,-3.763312,4.391428,0.000611,0.027794,-0.02474,32.48,63.9242111189361
28132,-8.14457,-3.747759,4.38066,0.000916,0.032376,-0.02138,32.48,63.9591968825728
28142,-8.151749,-3.752544,4.379463,0.002443,0.037415,-0.018021,32.5,63.9868345389181
28152,-8.14457,-3.764508,4.374678,0.002902,0.041692,-0.015424,32.5,64.0077218674017
28162,-8.146963,-3.751946,4.374678,0.003818,0.045815,-0.011606,32.52,63.9999474923947
28172,-8.157133,-3.754339,4.36391,0.004887,0.049938,-0.008705,32.52,64.0812472034182
28182,-8.160124,-3.748955,4.365705,0.006414,0.052993,-0.005345,32.45,64.0731573429176
28192,-8.176873,-3.745964,4.357928,0.00901,0.056963,0.000458,32.49,64.1482866416033
28202,-8.175079,-3.75075,4.359723,0.009927,0.059101,0.002443,32.49,64.1399362482146
28212,-8.178668,-3.75075,4.353741,0.011148,0.059559,0.005192,32.49,64.1789477398805
28222,-8.178668,-3.748955,4.348955,0.012065,0.059865,0.006872,32.49,64.2017808481849
28232,-8.196015,-3.751348,4.336991,0.012828,0.059712,0.008399,32.51,64.3052791680982
28242,-8.193623,-3.747759,4.339982,0.013897,0.058948,0.010537,32.51,64.2807255645396
28252,-8.208578,-3.742973,4.323233,0.016035,0.056658,0.010996,32.5,64.3960171300859
28262,-8.215158,-3.738786,4.329813,0.016799,0.054825,0.010537,32.5,64.3725723335465
28272,-8.217552,-3.752544,4.335794,0.016341,0.051313,0.010385,32.5,64.3612388092328
28282,-8.231908,-3.744169,4.325625,0.017868,0.048106,0.009927,32.5,64.4373539974142
28292,-8.22473,-3.745365,4.334,0.018326,0.044593,0.009621,32.47,64.3792712818687
28302,-8.232506,-3.752544,4.323831,0.019395,0.04047,0.007636,32.47,64.4564997503614
28312,-8.245667,-3.747759,4.33041,0.0197,0.03543,0.006872,32.52,64.4472222055743
28322,-8.24148,-3.743571,4.332206,0.019395,0.03146,0.005345,32.52,64.4243163997889
28332,-8.243872,-3.752544,4.323233,0.019242,0.026114,0.003207,32.48,64.4850409990429
28342,-8.252846,-3.747759,4.323233,0.0197,0.021075,0.001527,32.48,64.5002509056945
28352,-8.261818,-3.741776,4.322634,0.019395,0.015119,-0.000458,32.51,64.5173277235786
28362,-8.266603,-3.750151,4.331009,0.018021,0.004581,-0.006567,32.51,64.4934152648978
28372,-8.247462,-3.749553,4.336392,0.01741,-0.001069,-0.009774,32.48,64.4222835738118
28382,-8.252247,-3.756732,4.328616,0.016188,-0.006109,-0.012065,32.5,64.4803233128656
28392,-8.235497,-3.762115,4.325625,0.015119,-0.011759,-0.014661,32.5,64.463739665685
28402,-8.23789,-3.757928,4.326822,0.014355,-0.016493,-0.016646,32.51,64.458651473201
28412,-8.243275,-3.762714,4.329813,0.012828,-0.020311,-0.019853,32.51,64.4601932347277
28422,-8.248658,-3.757928,4.338786,0.012981,-0.024587,-0.021533,32.49,64.421190782606
28432,-8.239087,-3.744169,4.345964,0.010537,-0.028863,-0.023671,32.49,64.3487331282784
28442,-8.230114,-3.763312,4.352544,0.008858,-0.03207,-0.025198,32.47,64.3143358683481
28452,-8.216953,-3.762115,4.356732,0.007636,-0.034514,-0.027642,32.47,64.261924938879
28462,-8.218149,-3.761517,4.364508,0.006872,-0.036194,-0.028863,32.51,64.2240175809764
28472,-8.22473,-3.765705,4.362714,0.003971,-0.038485,-0.029932,32.51,64.2524039910174
28482,-8.216354,-3.764508,4.360919,0.002291,-0.039859,-0.03207,32.53,64.2415106548992
28492,-8.197212,-3.767499,4.362116,0.00168,-0.040928,-0.033139,32.53,64.1952169047204
28502,-8.209177,-3.77049,4.366901,0.000916,-0.040164,-0.032681,32.51,64.2007474631205
28512,-8.198408,-3.764508,4.366303,-0.001374,-0.039859,-0.03375,32.51,64.1732651870106
28522,-8.198408,-3.768696,4.379463,-0.002291,-0.037874,-0.033445,32.48,64.1099481286407
28532,-8.184649,-3.772285,4.383651,-0.00336,-0.033445,-0.032529,32.48,64.0609529795067
28542,-8.17448,-3.760919,4.391428,-0.004276,-0.030085,-0.032834,32.49,63.9859133366947
28552,-8.170293,-3.764508,4.386642,-0.00504,-0.026114,-0.031765,32.52,64.0047556362594
28562,-8.166704,-3.760321,4.391428,-0.005956,-0.023213,-0.030391,32.52,63.9675452761729
28572,-8.162517,-3.768098,4.389035,-0.005651,-0.018479,-0.030085,32.48,63.9784867020287
28582,-8.170293,-3.760321,4.397409,-0.005651,-0.012828,-0.028711,32.48,63.9449773690922
28592,-8.154141,-3.766901,4.400401,-0.006261,-0.007483,-0.02642,32.47,63.8996070112193
28602,-8.154141,-3.76391,4.397409,-0.00672,-0.002749,-0.02642,32.47,63.9118412987326
28612,-8.153543,-3.768696,4.395017,-0.005803,0.002902,-0.025351,32.5,63.9278389919525
28622,-8.158329,-3.769892,4.391428,-0.005498,0.008552,-0.024282,32.5,63.9585050806548
28632,-8.152347,-3.777669,4.389633,-0.004887,0.014203,-0.022602,32.57,63.9623048458638
28642,-8.152347,-3.760321,4.389633,-0.003971,0.020159,-0.021228,32.57,63.9439832845169
28652,-8.147561,-3.753741,4.389633,-0.003818,0.025504,-0.020311,32.48,63.9260887716924
28662,-8.158329,-3.760321,4.381258,-0.00336,0.030238,-0.019548,32.48,64.0007933833977
28672,-8.163115,-3.763312,4.388436,-0.001833,0.03543,-0.017257,32.5,63.9778964772128
28682,-8.145766,-3.756134,4.38425,-0.001374,0.04047,-0.01573,32.5,63.9522508958543
28692,-8.158927,-3.763312,4.371687,0.000305,0.044593,-0.014355,32.53,64.0546335310081
28702,-8.181061,-3.74716,4.377071,0.001069,0.048106,-0.012065,32.53,64.0603955125674
28712,-8.166704,-3.751946,4.363312,0.003054,0.053909,-0.010232,32.51,64.1036236111863
28722,-8.181659,-3.75733,4.360919,0.004887,0.055741,-0.008705,32.5,64.1555688408934
28732,-8.185248,-3.75075,4.35733,0.006109,0.057269,-0.007636,32.5,64.1753655466755
28742,-8.194819,-3.750151,4.356732,0.007178,0.057574,-0.007178,32.52,64.1995224458846
28752,-8.190632,-3.755535,4.346562,0.008399,0.058338,-0.006261,32.52,64.2480622087411
28762,-8.191828,-3.750151,4.343571,0.009774,0.057574,-0.004429,32.49,64.2606193165262
28772,-8.194221,-3.757928,4.338188,0.01069,0.055741,-0.00336,32.49,64.3018573398161
28782,-8.206185,-3.736392,4.342973,0.011759,0.053145,-0.001527,32.49,64.2819665454442
28792,-8.217552,-3.739982,4.326224,0.012981,0.050855,-0.000458,32.49,64.3977112208346
28802,-8.210373,-3.745365,4.331607,0.014508,0.047495,0.000305,32.46,64.3592873847736
28812,-8.218747,-3.745365,4.317849,0.014966,0.043677,0.001833,32.46,64.449144992702
28822,-8.228917,-3.756134,4.326822,0.014966,0.039859,0.002138,32.5,64.4367050120659
28832,-8.224131,-3.754339,4.320839,0.016035,0.034361,0.00168,32.5,64.4549856313877
28842,-8.230114,-3.754937,4.308277,0.016799,0.029627,0.002902,32.5,64.5338304521377
28852,-8.240881,-3.749553,4.322634,0.016646,0.024282,0.003054,32.5,64.4783837276515
28862,-8.243872,-3.752544,4.31725,0.017562,0.018631,0.003818,32.49,64.5158729226198
28872,-8.242676,-3.756732,4.310072,0.016799,0.012828,0.002596,32.49,64.5544730163382
28882,-8.242676,-3.756134,4.323233,0.016341,0.002749,0.000764,32.48,64.4860234596239
28892,-8.24148,-3.760321,4.328018,0.01573,-0.002596,0.00168,32.5,64.4629737896246
28902,-8.25165,-3.756732,4.325625,0.016188,-0.007178,0.000916,32.5,64.4943832385202
28912,-8.24148,-3.756732,4.324429,0.016188,-0.011759,-0.000458,32.52,64.4777955847143
28922,-8.23789,-3.765106,4.325625,0.014966,-0.016188,-0.002749,32.52,64.4721543327016
28932,-8.2349,-3.759125,4.329215,0.014355,-0.020464,-0.004429,32.5,64.4408492997947
28942,-8.236693,-3.760919,4.328018,0.012523,-0.023671,-0.005651,32.5,64.4528670444682
28952,-8.230712,-3.765705,4.346562,0.011454,-0.026267,-0.007483,32.52,64.3489047168405
28962,-8.22772,-3.760919,4.34417,0.010385,-0.028711,-0.00901,32.52,64.3495712260155
28972,-8.235497,-3.768696,4.348357,0.009316,-0.030696,-0.010232,32.5,64.3534910236096
28982,-8.221739,-3.762115,4.362714,0.008399,-0.032681,-0.013134,32.5,64.24195688849
28992,-8.218149,-3.772285,4.360919,0.00672,-0.034056,-0.01573,32.54,64.2535979593183
29002,-8.218747,-3.768098,4.368696,0.00504,-0.034667,-0.017868,32.54,64.2106485030815
29012,-8.22772,-3.760919,4.378268,0.003818,-0.034361,-0.019395,32.52,64.1743388005001
29022,-8.213962,-3.771089,4.371089,0.003207,-0.03375,-0.021991,32.52,64.190650588782
29032,-8.209177,-3.762714,4.38425,0.001527,-0.032223,-0.023824,32.48,64.1035403003121
29042,-8.19781,-3.775874,4.387838,0,-0.030085,-0.027642,32.48,64.073058058236
29052,-8.204989,-3.771089,4.393223,-0.000764,-0.025198,-0.030849,32.52,64.0567059598723
29062,-8.183454,-3.775874,4.389035,-0.00336,-0.022297,-0.032987,32.51,64.0343247511673
29072,-8.188239,-3.761517,4.396811,-0.004123,-0.019395,-0.033139,32.51,63.990226953912
29082,-8.188239,-3.768098,4.391428,-0.005498,-0.016035,-0.034972,32.53,64.024761501791
29092,-8.170293,-3.768098,4.396811,-0.006109,-0.011912,-0.035888,32.53,63.9562291869585
29102,-8.185248,-3.762115,4.385446,-0.00672,-0.007483,-0.035277,32.47,64.0424470884442
29112,-8.1679,-3.765106,4.38724,-0.007941,-0.003971,-0.036499,32.47,63.996852276011
29122,-8.173284,-3.767499,4.395017,-0.007789,-0.000153,-0.036346,32.51,63.9716421803818
29132,-8.166704,-3.765705,4.395615,-0.008552,0.004276,-0.035125,32.51,63.9516707479671
29142,-8.166105,-3.760321,4.383053,-0.008399,0.00901,-0.034208,32.5,64.009286410879
29152,-8.164909,-3.763312,4.388436,-0.008247,0.012217,-0.033598,32.5,63.9819900614629
29162,-8.164311,-3.747759,4.377669,-0.008552,0.016646,-0.031765,32.51,64.0197534458058
29172,-8.166105,-3.756732,4.376472,-0.007789,0.020464,-0.02978,32.51,64.0394189173942
29182,-8.158329,-3.755535,4.375276,-0.00672,0.02474,-0.027642,32.52,64.0265951851648
29192,-8.155338,-3.761517,4.381856,-0.005956,0.028405,-0.02474,32.52,63.9921435101761
29202,-8.149356,-3.755535,4.372285,-0.005803,0.030849,-0.022755,32.52,64.0215412615403
29212,-8.152347,-3.753741,4.373481,-0.00504,0.034208,-0.020311,32.52,64.0203133704128
29222,-8.159525,-3.747759,4.372285,-0.00336,0.036652,-0.014966,32.46,64.0365894419319
29232,-8.160124,-3.751348,4.35733,-0.000305,0.040623,-0.010996,32.53,64.1188971934079
29242,-8.157133,-3.752544,4.358526,0.001069,0.042608,-0.007789,32.53,64.1071629361608
29252,-8.172088,-3.753741,4.352544,0.001833,0.043982,-0.006567,32.5,64.1733056557103
29262,-8.175079,-3.748955,4.350152,0.003818,0.044593,-0.00336,32.5,64.1874574947681
29272,-8.170293,-3.744169,4.342375,0.005803,0.045509,-0.000458,32.48,64.2117858848175
29282,-8.179864,-3.74058,4.350152,0.007025,0.04612,0.001833,32.48,64.1896137442506
29292,-8.185846,-3.739982,4.345964,0.008094,0.045509,0.003207,32.5,64.2241877411388
29302,-8.183454,-3.738786,4.333402,0.009774,0.044899,0.005192,32.5,64.2824222225453
29312,-8.19781,-3.753741,4.346562,0.010843,0.043371,0.006261,32.49,64.2624329842651
29322,-8.200203,-3.741776,4.341777,0.011606,0.041692,0.007636,32.49,64.2801596752201
29332,-8.206185,-3.735795,4.339982,0.013134,0.039554,0.010079,32.48,64.2967812210537
29342,-8.213365,-3.744768,4.332206,0.014203,0.037415,0.01069,32.48,64.3623247712168
29352,-8.224131,-3.745365,4.334598,0.015119,0.034514,0.009468,32.5,64.3748413062764
29362,-8.218747,-3.736392,4.331009,0.016035,0.031001,0.009316,32.5,64.3720340906206
29372,-8.234302,-3.738786,4.323233,0.01573,0.027794,0.008247,32.49,64.4495711294975
29382,-8.236095,-3.74716,4.331607,0.01573,0.023518,0.006567,32.49,64.4189774273628
29392,-8.246264,-3.742374,4.332206,0.016188,0.01909,0.006567,32.55,64.433830176153
29402,-8.243872,-3.756134,4.32742,0.015577,0.010537,0.00168,32.55,64.4671341957374
29412,-8.243275,-3.759723,4.328616,0.015424,0.00672,0.000153,32.52,64.4633015853584
29422,-8.256434,-3.747759,4.336991,0.015119,0.00168,-0.001985,32.49,64.4374812685865
29432,-8.238488,-3.756732,4.344768,0.013744,-0.002138,-0.004123,32.49,64.3663920370312
29442,-8.235497,-3.75733,4.331607,0.012217,-0.007025,-0.007178,32.5,64.4280307281286
29452,-8.239087,-3.756134,4.337589,0.011301,-0.011148,-0.008858,32.5,64.4040609193027
29462,-8.246264,-3.762115,4.342973,0.009927,-0.015272,-0.011454,32.5,64.3985747947188
29472,-8.249256,-3.758526,4.345964,0.009316,-0.018326,-0.014355,32.5,64.3862395930232
29482,-8.229516,-3.756732,4.335197,0.008247,-0.021075,-0.016952,32.52,64.3955082285464
29492,-8.22772,-3.771687,4.338188,0.006872,-0.02474,-0.017868,32.52,64.3914291522629
29502,-8.228917,-3.772285,4.345366,0.005803,-0.027642,-0.020464,32.48,64.3577928707818
29512,-8.219346,-3.771089,4.348955,0.004581,-0.030085,-0.022907,32.48,64.3165899997926
29522,-8.215158,-3.760919,4.355535,0.002596,-0.031765,-0.024282,32.51,64.262800628999
29532,-8.20798,-3.77049,4.347161,0.001374,-0.033445,-0.025962,32.51,64.2996238302735
29542,-8.207382,-3.772883,4.356732,0,-0.034056,-0.026878,32.46,64.2514821837808
29552,-8.204989,-3.774678,4.35733,-0.001069,-0.034056,-0.028253,32.46,64.244869654471
29562,-8.192427,-3.762714,4.368696,-0.001985,-0.033598,-0.028711,32.48,64.1455378397145
29572,-8.179267,-3.766901,4.375875,-0.004276,-0.031307,-0.030085,32.48,64.0830945675715
29582,-8.166105,-3.765106,4.372883,-0.005192,-0.02978,-0.02978,32.5,64.0666957203035
29592,-8.182258,-3.777669,4.38425,-0.005956,-0.026573,-0.02978,32.5,64.0580837826669
29602,-8.160722,-3.769892,4.389633,-0.00672,-0.024282,-0.029627,32.5,63.9732041281317
29612,-8.172088,-3.759723,4.381856,-0.00672,-0.020006,-0.029016,32.48,64.0284581758642
29622,-8.166105,-3.766901,4.389633,-0.007789,-0.016188,-0.028253,32.48,63.9823332892763
29632,-8.163115,-3.765106,4.390232,-0.008552,-0.011912,-0.027642,32.51,63.9705408749836
29642,-8.160124,-3.771089,4.398606,-0.008247,-0.00733,-0.025656,32.51,63.9269399525823
29652,-8.163713,-3.775276,4.396811,-0.009163,-0.002291,-0.024893,32.52,63.9487809466256
29662,-8.156534,-3.762714,4.402196,-0.009621,0.003054,-0.023671,32.52,63.8914269551748
29672,-8.154739,-3.772285,4.392026,-0.008399,0.008247,-0.022449,32.5,63.9497569183783
29682,-8.15773,-3.763312,4.394419,-0.008552,0.013439,-0.020006,32.5,63.9348043217084
29692,-8.154141,-3.761517,4.38425,-0.008705,0.018631,-0.019395,32.49,63.9770746132293
29702,-8.152946,-3.766303,4.389035,-0.00733,0.023671,-0.017868,32.49,63.954744094417
29712,-8.160124,-3.756134,4.38724,-0.006567,0.027794,-0.015882,32.48,63.9696741747376
29722,-8.151151,-3.753741,4.382454,-0.006261,0.032529,-0.014355,32.48,63.971306123071
29732,-8.165507,-3.757928,4.366303,-0.00504,0.036194,-0.012981,32.52,64.0917313148708
29742,-8.170892,-3.750151,4.369295,-0.003971,0.040012,-0.008858,32.52,64.0804256387019
29752,-8.175079,-3.739383,4.365107,-0.002138,0.044746,-0.008094,32.45,64.1003201242113
29762,-8.175079,-3.75075,4.365705,-0.001069,0.047189,-0.005651,32.5,64.1090878147206
29772,-8.182856,-3.750151,4.357928,0,0.048717,-0.004123,32.5,64.1662317955812
29782,-8.194221,-3.739982,4.353143,0.00168,0.04948,-0.001222,32.49,64.206136157639
29792,-8.188239,-3.749553,4.354339,0.002749,0.049633,-0.000305,32.49,64.1963271123303
29802,-8.2014,-3.751348,4.345366,0.003818,0.049022,0.000916,32.53,64.2742372252368
29812,-8.193025,-3.735196,4.344768,0.004581,0.0478,0.002138,32.53,64.2416835574469
29822,-8.202596,-3.743571,4.332804,0.005803,0.046426,0.00336,32.54,64.3337249792523
29832,-8.209177,-3.738786,4.331009,0.00672,0.044135,0.003818,32.54,64.3529167918226
29842,-8.203793,-3.754339,4.326224,0.007941,0.041081,0.003818,32.48,64.3814878593058
29852,-8.214561,-3.742973,4.323831,0.009621,0.037568,0.004887,32.48,64.4063975046102
29862,-8.226524,-3.746562,4.326224,0.010079,0.034208,0.005192,32.49,64.4246208514163
29872,-8.222337,-3.74058,4.34058,0.010996,0.030391,0.006261,32.49,64.3350673560547
29882,-8.226524,-3.744169,4.319045,0.01069,0.025809,0.004581,32.44,64.4592104352089
29892,-8.219944,-3.742374,4.319045,0.010996,0.021686,0.004276,32.44,64.4425980676331
29902,-8.233703,-3.735795,4.321437,0.011759,0.016646,0.003818,32.52,64.4544420025071
29912,-8.237292,-3.756732,4.321437,0.012828,0.011912,0.001833,32.52,64.4838392782535
29922,-8.24148,-3.750151,4.323233,0.012675,0.003665,-0.000153,32.54,64.4772477287903
29932,-8.240283,-3.744169,4.332804,0.013134,-0.001374,-0.001374,32.53,64.4191598932336
29942,-8.240881,-3.75075,4.33041,0.013439,-0.005651,-0.002443,32.53,64.4395438454189
29952,-8.23789,-3.754937,4.34058,0.012217,-0.009927,-0.004887,32.5,64.3847578657681
29962,-8.248059,-3.75075,4.328018,0.011454,-0.014355,-0.00672,32.5,64.4679418400067
29972,-8.240881,-3.751946,4.346562,0.011454,-0.01741,-0.008247,32.52,64.3576421912263
29982,-8.243275,-3.748955,4.343571,0.010996,-0.019853,-0.009316,32.52,64.3753457376671
29992,-8.236095,-3.753741,4.344768,0.010385,-0.022602,-0.011301,32.46,64.3579532967615
30002,-8.226524,-3.765705,4.345964,0.009927,-0.024893,-0.013286,32.46,64.3425715252011
30012,-8.230712,-3.764508,4.363312,0.008399,-0.025962,-0.014508,32.54,64.2615732759745
30022,-8.216953,-3.762714,4.356732,0.00733,-0.026725,-0.016035,32.54,64.2625433803841
30032,-8.220542,-3.765705,4.356732,0.005498,-0.028405,-0.018479,32.5,64.2737196061391
30042,-8.213962,-3.763312,4.369893,0.00504,-0.028558,-0.01909,32.5,64.1887390767704
30052,-8.216354,-3.758526,4.359723,0.003665,-0.027642,-0.021228,32.51,64.2414822529155
30062,-8.200802,-3.761517,4.370491,0.001833,-0.027184,-0.023518,32.51,64.1540318770321
30072,-8.20798,-3.764508,4.375875,0.000611,-0.025504,-0.024129,32.53,64.1457099167575
30082,-8.192427,-3.77049,4.377669,-0.000305,-0.023976,-0.025198,32.53,64.107482835661
30092,-8.190034,-3.77049,4.386642,-0.002596,-0.021533,-0.027794,32.54,64.0559314289248
30102,-8.182258,-3.765705,4.383651,-0.005192,-0.018784,-0.028711,32.5,64.0486329234565
30112,-8.182258,-3.768098,4.380062,-0.006109,-0.016188,-0.028711,32.5,64.0695971330449
30122,-8.182258,-3.771687,4.380062,-0.007789,-0.013744,-0.028863,32.52,64.0733531602986
30132,-8.172686,-3.772883,4.389035,-0.007789,-0.010385,-0.028253,32.52,64.0066942887133
30142,-8.180463,-3.777071,4.38425,-0.008858,-0.007483,-0.02978,32.49,64.0533803304188
30152,-8.173882,-3.766901,4.381856,-0.009927,-0.005192,-0.02978,32.49,64.0400680230703
30162,-8.162517,-3.773481,4.382454,-0.010232,-0.001069,-0.0281,32.5,64.0180310557481
30172,-8.164311,-3.768696,4.377071,-0.010996,0.002138,-0.027794,32.5,64.044804910014
30182,-8.163713,-3.767499,4.372883,-0.01069,0.005956,-0.027489,32.51,64.0637642399946
30192,-8.161918,-3.768098,4.365107,-0.010385,0.009163,-0.026114,32.51,64.1003989741828
30202,-8.16132,-3.768098,4.372883,-0.01069,0.012217,-0.025504,32.49,64.058946930296
30212,-8.161918,-3.760919,4.369295,-0.009774,0.01573,-0.022755,32.49,64.071267183062
30222,-8.173284,-3.763312,4.384848,-0.008858,0.018784,-0.022144,32.54,64.0195461596398
30232,-8.165507,-3.767499,4.374678,-0.00901,0.021991,-0.020617,32.54,64.0585977248722
30242,-8.162517,-3.767499,4.375875,-0.008094,0.024129,-0.019242,32.49,64.0456238708072
30252,-8.163713,-3.756134,4.369295,-0.006872,0.027184,-0.018326,32.49,64.0703374858124
30262,-8.161918,-3.75733,4.36391,-0.006109,0.032987,-0.015424,32.54,64.0952804272113
30272,-8.176873,-3.749553,4.366303,-0.002138,0.034819,-0.013439,32.49,64.1088365378762
30282,-8.17149,-3.762714,4.362714,-0.001985,0.036652,-0.012828,32.49,64.1288504503058
30292,-8.175676,-3.75075,4.36391,-0.001069,0.037568,-0.011759,32.48,64.1197001416911
30302,-8.185248,-3.751946,4.354938,0.001069,0.038943,-0.010232,32.48,64.1889429082769
30312,-8.189436,-3.754339,4.354938,0.002443,0.039248,-0.008705,32.52,64.2009203624958
30322,-8.183454,-3.753142,4.347161,0.003207,0.040164,-0.008247,32.52,64.2262405088108
30332,-8.185846,-3.744169,4.351946,0.004887,0.039554,-0.00672,32.49,64.1976563145254
30342,-8.188837,-3.74058,4.33041,0.006567,0.038943,-0.004887,32.49,64.3119231661945
30352,-8.194221,-3.742374,4.335197,0.006872,0.038485,-0.003818,32.49,64.3012176558167
30362,-8.19781,-3.739383,4.335794,0.008399,0.037263,-0.002749,32.49,64.3031620211236
30372,-8.201998,-3.744169,4.336392,0.009621,0.035277,-0.002138,32.5,64.3144710424071
30382,-8.203195,-3.744768,4.329215,0.010537,0.033292,0.000305,32.5,64.3548391422118
30392,-8.216953,-3.745365,4.325027,0.011148,0.030696,0.001527,32.52,64.4080577296841
30402,-8.219346,-3.744768,4.331607,0.01237,0.027642,0.001374,32.52,64.3788825068488
30412,-8.210373,-3.746562,4.322634,0.012981,0.024587,0.002443,32.52,64.4068366393523
30422,-8.206783,-3.739982,4.337589,0.01405,0.021533,0.003971,32.52,64.3147867586502
30432,-8.222337,-3.744169,4.328018,0.014661,0.017715,0.004123,32.52,64.4035087092561
30442,-8.236693,-3.749553,4.326224,0.014813,0.010232,0.004734,32.49,64.4504979147212
30452,-8.225328,-3.745964,4.324429,0.015119,0.006872,0.004581,32.49,64.4305809209777
30462,-8.225328,-3.746562,4.329215,0.014661,0.002902,0.005192,32.48,64.4065099898842
30472,-8.218149,-3.751348,4.322036,0.014508,-0.001222,0.004429,32.48,64.4323167208702
30482,-8.221141,-3.756732,4.334598,0.014508,-0.005345,0.00336,32.5,64.3797787792037
30492,-8.22772,-3.748955,4.339982,0.013744,-0.00901,0.003207,32.5,64.3588550061338
30502,-8.224131,-3.74716,4.338188,0.013286,-0.012523,0.002138,32.54,64.3581804602859
30512,-8.231908,-3.753142,4.345964,0.012675,-0.015119,0.00168,32.54,64.341772805412
30522,-8.222935,-3.761517,4.343571,0.011759,-0.018479,-0.000305,32.48,64.3425111349801
30532,-8.222935,-3.763312,4.342973,0.010996,-0.020922,-0.001833,32.48,64.3474366346997
30542,-8.22473,-3.76391,4.351348,0.009316,-0.023213,-0.004734,32.49,64.3089902193269
30552,-8.221141,-3.766303,4.348357,0.00901,-0.024893,-0.005651,32.49,64.3187692437065
30562,-8.221739,-3.764508,4.353741,0.007789,-0.026114,-0.006872,32.5,64.290564333988
30572,-8.225926,-3.756732,4.358526,0.006414,-0.026573,-0.009621,32.5,64.2673787754765
30582,-8.220542,-3.760321,4.359723,0.004581,-0.027031,-0.011454,32.46,64.2527834850405
30592,-8.215158,-3.760919,4.366901,0.003665,-0.027794,-0.014203,32.46,64.2043438452264
30602,-8.196614,-3.768696,4.376472,0.00168,-0.027642,-0.016799,32.48,64.1212568357536
30612,-8.204989,-3.756134,4.379463,-0.000458,-0.024587,-0.020922,32.48,64.111803378555
30622,-8.204989,-3.773481,4.378866,-0.003207,-0.023518,-0.023366,32.46,64.1329009024494
30632,-8.194819,-3.759125,4.386642,-0.003818,-0.020311,-0.025351,32.49,64.05493699638
30642,-8.190034,-3.764508,4.387838,-0.006567,-0.017868,-0.027489,32.49,64.0435339555291
30652,-8.194221,-3.769294,4.392026,-0.006261,-0.015577,-0.029016,32.51,64.0365354160939
30662,-8.187043,-3.759125,4.389633,-0.008399,-0.011912,-0.031154,32.51,64.0218817781849
30672,-8.175079,-3.774678,4.391428,-0.009927,-0.008247,-0.032376,32.47,64.0017243773757
30682,-8.179864,-3.760919,4.393223,-0.011606,-0.004581,-0.032529,32.47,63.9889572589803
30692,-8.179864,-3.772285,4.388436,-0.012065,-0.001222,-0.033292,32.5,64.0254789795394
30702,-8.170892,-3.759723,4.38724,-0.013134,0.003512,-0.03375,32.5,63.9980215686077
30712,-8.17149,-3.759723,4.388436,-0.013439,0.007178,-0.034667,32.5,63.9932311944497
30722,-8.168499,-3.762714,4.386642,-0.013592,0.011759,-0.034361,32.5,63.998782433641
30732,-8.167302,-3.759723,4.390232,-0.013897,0.015424,-0.032987,32.52,63.974435746552
30742,-8.172088,-3.761517,4.38066,-0.014355,0.018784,-0.032834,32.52,64.0364955605891
30752,-8.170892,-3.764508,4.376472,-0.014355,0.021991,-0.030543,32.51,64.0584727602845
30762,-8.166704,-3.757928,4.36391,-0.013592,0.025962,-0.028558,32.51,64.106796868972
30772,-8.1679,-3.756134,4.370491,-0.012828,0.028253,-0.027031,32.54,64.0737060887595
30782,-8.170293,-3.742973,4.356732,-0.011606,0.030085,-0.022297,32.54,64.1363805362569
30792,-8.164311,-3.751348,4.363312,-0.01069,0.035125,-0.0197,32.52,64.0975504733875
30802,-8.164311,-3.753142,4.355535,-0.008399,0.036346,-0.017104,32.49,64.139568481785
30812,-8.165507,-3.748357,4.36391,-0.007941,0.036957,-0.01405,32.49,64.094060278595
30822,-8.173284,-3.746562,4.350152,-0.006567,0.037568,-0.011301,32.54,64.1808908124832
30832,-8.183454,-3.743571,4.338786,-0.004887,0.038026,-0.008705,32.54,64.2595543248217
30842,-8.180463,-3.742973,4.333402,-0.002749,0.037874,-0.005803,32.52,64.2799841887356
30852,-8.181659,-3.749553,4.347161,-0.001374,0.037415,-0.004581,32.52,64.2184450918272
30862,-8.189436,-3.749553,4.333402,0.000153,0.036194,-0.001833,32.51,64.3070935293892
30872,-8.190632,-3.748955,4.336392,0.001833,0.034667,0.000611,32.51,64.2937352290262
30882,-8.196614,-3.75075,4.332804,0.002596,0.033292,0.002596,32.55,64.3276287236182
30892,-8.206185,-3.749553,4.338188,0.003665,0.031154,0.004581,32.55,64.320203950885
30902,-8.201998,-3.73041,4.331009,0.005651,0.0281,0.005651,32.52,64.3281016138991
30912,-8.210373,-3.747759,4.329813,0.007025,0.025962,0.00733,32.52,64.3710062242505
30922,-8.214561,-3.745365,4.333402,0.00733,0.022755,0.00672,32.53,64.359462691096
30932,-8.216953,-3.75075,4.32742,0.008094,0.020617,0.007789,32.53,64.4012336264513
30942,-8.222337,-3.743571,4.323233,0.009927,0.017562,0.008552,32.5,64.427583226129
30952,-8.222337,-3.745964,4.331009,0.010843,0.013897,0.008094,32.5,64.3899220703708
30962,-8.221739,-3.75075,4.326822,0.011912,0.007025,0.007483,32.51,64.41507564547
30972,-8.219346,-3.757928,4.332804,0.011759,0.003512,0.006414,32.5,64.3862196366735
30982,-8.22473,-3.760919,4.336392,0.012217,0.000153,0.00504,32.5,64.382900704494
30992,-8.23131,-3.754339,4.334,0.011912,-0.003207,0.004429,32.54,64.4032500951592
31002,-8.236095,-3.760321,4.338786,0.011912,-0.006567,0.003512,32.54,64.3954737292129
31012,-8.219944,-3.762714,4.338786,0.011148,-0.008552,0.001374,32.5,64.3616595673842
31022,-8.228917,-3.760321,4.338188,0.010385,-0.011759,-0.000764,32.5,64.3824408048067
31032,-8.233105,-3.768696,4.342973,0.009621,-0.014966,-0.002596,32.5,64.3758117247266
31042,-8.220542,-3.761517,4.35075,0.009316,-0.017257,-0.004887,32.5,64.3001742185864
31052,-8.22772,-3.766303,4.353741,0.008094,-0.018326,-0.006414,32.51,64.3058744810458
31062,-8.227122,-3.762714,4.356732,0.007178,-0.020769,-0.008705,32.51,64.2854554649387
31072,-8.22473,-3.76391,4.353143,0.005956,-0.022297,-0.010079,32.53,64.2997574682701
31082,-8.221141,-3.772883,4.356134,0.00504,-0.02306,-0.012065,32.53,64.2855537910891
31092,-8.221739,-3.766901,4.351348,0.003818,-0.024129,-0.014966,32.5,64.3053415587195
31102,-8.208578,-3.773481,4.35733,0.00168,-0.02474,-0.016799,32.5,64.2517218684895
31112,-8.210373,-3.768696,4.367499,0.000611,-0.026114,-0.018021,32.5,64.1985139849505
31122,-8.210971,-3.769294,4.365705,-0.000916,-0.025198,-0.0197,32.5,64.2097072198529
31132,-8.198408,-3.772285,4.372285,-0.004123,-0.023518,-0.022144,32.45,64.1505851867692
31142,-8.19123,-3.774678,4.371089,-0.00504,-0.021838,-0.023518,32.55,64.1429818037529
31152,-8.188239,-3.775874,4.381258,-0.006414,-0.021075,-0.024129,32.55,64.0851587789156
31162,-8.183454,-3.77408,4.375276,-0.007789,-0.019548,-0.024587,32.49,64.1031928590511
31172,-8.170293,-3.759125,4.377669,-0.007941,-0.016646,-0.023671,32.49,64.0453023918218
31182,-8.179267,-3.762115,4.377669,-0.008552,-0.014203,-0.023824,32.48,64.0688540597106
31192,-8.176275,-3.766303,4.38066,-0.010385,-0.011454,-0.024282,32.48,64.0510401974545
31202,-8.172088,-3.768098,4.377669,-0.01069,-0.009163,-0.023518,32.49,64.0587941494827
31212,-8.166704,-3.756732,4.371089,-0.012065,-0.005956,-0.021838,32.49,64.0685264320371
31222,-8.172088,-3.777071,4.38724,-0.011606,-0.002749,-0.022297,32.49,64.0189670820311
31232,-8.185846,-3.77408,4.37408,-0.01237,0.001069,-0.020922,32.49,64.1147707728832
31242,-8.166105,-3.760321,4.376472,-0.011912,0.00504,-0.019395,32.5,64.0431829311664
31252,-8.16132,-3.77049,4.383053,-0.011759,0.008552,-0.018326,32.5,64.009070573035
31262,-8.169096,-3.761517,4.38724,-0.012217,0.011759,-0.017868,32.51,63.9958092060818
31272,-8.170892,-3.759723,4.381258,-0.011301,0.016799,-0.01573,32.51,64.0288120878031
31282,-8.173284,-3.752544,4.377071,-0.011148,0.020006,-0.013897,32.48,64.0483056936828
31292,-8.163115,-3.760919,4.368696,-0.01069,0.022755,-0.013439,32.48,64.077081224084
31302,-8.17448,-3.74716,4.367499,-0.010079,0.028863,-0.010843,32.5,64.0947299640509
31312,-8.175676,-3.745964,4.368696,-0.00901,0.032223,-0.008705,32.48,64.0900341549908
31322,-8.181061,-3.75075,4.371687,-0.009163,0.034056,-0.007941,32.48,64.0918668148806
31332,-8.184649,-3.755535,4.366303,-0.008858,0.035888,-0.007636,32.51,64.132740856888
31342,-8.181659,-3.74716,4.362714,-0.007178,0.037874,-0.006567,32.51,64.135725232614
31352,-8.190632,-3.746562,4.353143,-0.005803,0.03879,-0.005803,32.5,64.2048157960906
31362,-8.193623,-3.74716,4.348955,-0.005651,0.039095,-0.004581,32.5,64.2338089986304
31372,-8.194819,-3.743571,4.347161,-0.004734,0.039248,-0.003818,32.52,64.2420563604339
31382,-8.212168,-3.735795,4.348955,-0.004429,0.039095,-0.004276,32.52,64.264039598312
31392,-8.209177,-3.746562,4.341179,-0.003665,0.037568,-0.003971,32.51,64.308448164054
31402,-8.200203,-3.74058,4.333402,-0.001374,0.036041,-0.002749,32.51,64.3221536303306
31412,-8.209177,-3.738187,4.344768,0,0.034667,-0.002291,32.52,64.2813211843126
31422,-8.216953,-3.744169,4.337589,0.000764,0.031307,-0.001985,32.52,64.3420324907859
31432,-8.21157,-3.737589,4.333402,0.002291,0.029322,-0.001374,32.52,64.3447349445332
31442,-8.212766,-3.739982,4.332206,0.002902,0.025504,-0.00168,32.52,64.356060224595
31452,-8.216953,-3.739383,4.333402,0.003665,0.021838,-0.001222,32.46,64.3587126909309
31462,-8.220542,-3.750151,4.322634,0.004734,0.018631,-0.001833,32.46,64.4333787067285
31472,-8.217552,-3.747759,4.328018,0.004887,0.014355,-0.002902,32.49,64.3964265027421
31482,-8.229516,-3.751348,4.326822,0.005651,0.00504,-0.002902,32.47,64.4331509047141
31492,-8.221739,-3.752544,4.319643,0.006567,0.001985,-0.002291,32.47,64.4539521830145
31502,-8.222935,-3.753142,4.332804,0.00733,-0.002138,-0.002596,32.51,64.3893723505037
31512,-8.216354,-3.745365,4.319045,0.007636,-0.005956,-0.003512,32.51,64.4375924647419
31522,-8.225328,-3.750151,4.334,0.007025,-0.009927,-0.003512,32.48,64.3855203536625
31532,-8.216953,-3.751946,4.332804,0.007941,-0.012828,-0.003665,32.48,64.3746920568888
31542,-8.23131,-3.748955,4.334,0.00733,-0.015882,-0.003818,32.5,64.3977390941622
31552,-8.218747,-3.752544,4.345366,0.00672,-0.01909,-0.005192,32.5,64.3146092472844
31562,-8.221739,-3.761517,4.342375,0.006567,-0.021228,-0.004887,32.49,64.3459794467154
31572,-8.213365,-3.762115,4.351348,0.005803,-0.023213,-0.005192,32.49,64.2815421935676
31582,-8.225328,-3.759125,4.353143,0.00504,-0.025045,-0.006109,32.52,64.2961771540093
31592,-8.199606,-3.768696,4.356134,0.005192,-0.025656,-0.007178,32.52,64.2326684243921
31602,-8.216953,-3.771687,4.364508,0.003054,-0.025504,-0.008247,32.49,64.2318358487525
31612,-8.205587,-3.772285,4.358526,0.001985,-0.025809,-0.008552,32.49,64.2375815216557
31622,-8.216953,-3.767499,4.369893,0.001527,-0.02642,-0.008858,32.53,64.1998295628444
31632,-8.195418,-3.766303,4.370491,0,-0.025351,-0.009316,32.53,64.1468143937108
31642,-8.193623,-3.76391,4.370491,-0.001985,-0.023671,-0.011606,32.55,64.1402562181391
31652,-8.193025,-3.769294,4.378268,-0.004276,-0.020006,-0.012523,32.55,64.1045111247885
31662,-8.189436,-3.775276,4.381856,-0.005498,-0.018326,-0.013592,32.5,64.0841745459746
31672,-8.189436,-3.771089,4.383651,-0.00733,-0.016188,-0.015424,32.52,64.0705710426825
31682,-8.188239,-3.768098,4.378268,-0.007789,-0.012981,-0.016035,32.52,64.0924057531167
31692,-8.2014,-3.77408,4.383053,-0.008552,-0.01069,-0.017715,32.51,64.1038940028846
31702,-8.184649,-3.775874,4.379463,-0.010232,-0.008094,-0.018021,32.51,64.0862438972305
31712,-8.187043,-3.778865,4.378866,-0.011912,-0.004734,-0.018937,32.48,64.0978733324113
31722,-8.185248,-3.762714,4.382454,-0.012981,-0.001985,-0.020159,32.48,64.0584590113701
31732,-8.182258,-3.767499,4.38425,-0.013134,0.000764,-0.02138,32.54,64.0474300900595
31742,-8.176275,-3.762115,4.386044,-0.013897,0.003207,-0.021228,32.54,64.0189500905665
31752,-8.17807,-3.762115,4.381258,-0.015119,0.005803,-0.022755,32.49,64.0476606231226
31762,-8.177471,-3.762115,4.37408,-0.015119,0.008858,-0.021686,32.49,64.0832478179078
31772,-8.170892,-3.769294,4.376472,-0.015577,0.011301,-0.021838,32.49,64.0634918474733
31782,-8.172686,-3.772883,4.380062,-0.016035,0.013592,-0.021533,32.49,64.0528562846271
31792,-8.186445,-3.765106,4.37408,-0.016493,0.015577,-0.020922,32.5,64.1067558321821
31802,-8.182258,-3.758526,4.36391,-0.016341,0.016952,-0.021686,32.5,64.1427597450232
31812,-8.179864,-3.756134,4.362714,-0.015424,0.018784,-0.020922,32.5,64.1409957692327
31822,-8.181659,-3.755535,4.35733,-0.014813,0.021533,-0.01909,32.5,64.1722023852568
31832,-8.17149,-3.757928,4.360321,-0.012675,0.022602,-0.017257,32.49,64.1361885764172
31842,-8.178668,-3.750151,4.358526,-0.012675,0.023366,-0.016646,32.46,64.153639657034
31852,-8.182258,-3.759125,4.353741,-0.012217,0.02474,-0.015577,32.46,64.1958060763695
31862,-8.178668,-3.760321,4.353143,-0.01069,0.024893,-0.013897,32.52,64.1920004232311
31872,-8.177471,-3.755535,4.345366,-0.009316,0.025656,-0.01237,32.52,64.2244403328298
31882,-8.186445,-3.746562,4.342375,-0.007941,0.026267,-0.010385,32.53,64.2508919282361
31892,-8.173284,-3.75075,4.344768,-0.006567,0.025809,-0.009774,32.53,64.2130568460052
31902,-8.193623,-3.732205,4.339384,-0.005192,0.025809,-0.00733,32.53,64.2677467611312
31912,-8.188837,-3.744169,4.35075,-0.004276,0.025351,-0.004734,32.53,64.2106089510866
31922,-8.196015,-3.741776,4.338786,-0.002749,0.025045,-0.003971,32.49,64.2861257328386
31932,-8.182856,-3.735795,4.34058,-0.001527,0.024282,-0.002596,32.49,64.2408767099823
31942,-8.194819,-3.744169,4.332206,-0.000305,0.023518,-0.000916,32.51,64.3198696580365
31952,-8.200203,-3.745365,4.34417,0.000764,0.022297,0.001527,32.51,64.2715193928833
31962,-8.200203,-3.734598,4.347161,0.002443,0.020769,0.00168,32.47,64.2449801121274
31972,-8.189436,-3.745964,4.334598,0.004429,0.019548,0.002596,32.47,64.2972030315052
31982,-8.203195,-3.738786,4.329215,0.005192,0.018326,0.004581,32.53,64.3486834779358
31992,-8.210971,-3.741179,4.333402,0.005498,0.016646,0.007025,32.53,64.3470712347268
32002,-8.206783,-3.739383,4.337589,0.008705,0.012065,0.007483,32.5,64.3141703997171
32012,-8.21157,-3.755535,4.332206,0.008247,0.009774,0.007636,32.5,64.3693537356206
32022,-8.204391,-3.753741,4.333402,0.008705,0.007636,0.007789,32.5,64.3451675661381
32032,-8.213962,-3.750151,4.339384,0.009316,0.004734,0.007941,32.5,64.3321872544143
32042,-8.225328,-3.751946,4.335197,0.008247,0.002138,0.008094,32.5,64.3811922861329
32052,-8.205587,-3.752544,4.342375,0.00901,0,0.007178,32.52,64.3003474425597
32062,-8.216354,-3.765106,4.334,0.009468,-0.003054,0.007178,32.52,64.3807144763249
32072,-8.225926,-3.753142,4.34058,0.00901,-0.005345,0.005345,32.49,64.3560340858641
32082,-8.221141,-3.748357,4.342375,0.008247,-0.007636,0.005498,32.49,64.3311050614889
32092,-8.227122,-3.759125,4.34058,0.007178,-0.009316,0.004276,32.5,64.3648647285942
32102,-8.212766,-3.751946,4.338786,0.006872,-0.012675,0.002138,32.5,64.3344221908248
32112,-8.205587,-3.756134,4.350152,0.006261,-0.014508,0.00168,32.51,64.2639736048194
32122,-8.222935,-3.765106,4.351348,0.00504,-0.016952,-0.000305,32.51,64.306182877003
32132,-8.218149,-3.757928,4.348357,0.003512,-0.018326,-0.002291,32.55,64.3034032372277
32142,-8.225328,-3.759125,4.355535,0.002596,-0.020464,-0.004581,32.55,64.2838746759522
32152,-8.219346,-3.755535,4.362116,0.000916,-0.021075,-0.006567,32.48,64.2328424042743
32162,-8.21157,-3.768696,4.365107,0.000153,-0.021533,-0.008858,32.48,64.213514376673
32172,-8.212766,-3.77408,4.363312,-0.002138,-0.021991,-0.011301,32.5,64.2310203649439
32182,-8.21157,-3.766901,4.374678,-0.00336,-0.021838,-0.014508,32.51,64.1624643563675
32192,-8.212168,-3.764508,4.370491,-0.005192,-0.021075,-0.016493,32.51,64.1828500089074
32202,-8.203195,-3.771089,4.377669,-0.006414,-0.019853,-0.017562,32.46,64.1325010423804
32212,-8.200802,-3.778865,4.377071,-0.007941,-0.018479,-0.019242,32.46,64.1382571232407
32222,-8.196614,-3.77408,4.378866,-0.010537,-0.016799,-0.02138,32.5,64.1145637910146
32232,-8.188239,-3.768098,4.383053,-0.010996,-0.014661,-0.022449,32.5,64.0678011904996
32242,-8.183454,-3.760919,4.382454,-0.012523,-0.012675,-0.024282,32.53,64.0525039521196
32252,-8.181659,-3.77049,4.382454,-0.013744,-0.009316,-0.024893,32.53,64.0584364277763
32262,-8.193025,-3.769294,4.392624,-0.014813,-0.005803,-0.024893,32.48,64.0307476063982
32272,-8.175079,-3.767499,4.386044,-0.015577,-0.003207,-0.025504,32.48,64.0218719348532
32282,-8.178668,-3.764508,4.389633,-0.016341,0.000153,-0.02642,32.51,64.0084494975579
32292,-8.176873,-3.767499,4.387838,-0.017104,0.003971,-0.026878,32.51,64.0167287298846
32302,-8.168499,-3.764508,4.369893,-0.016952,0.007483,-0.025351,32.49,64.0869233327304
32312,-8.173882,-3.760919,4.384848,-0.01741,0.01069,-0.024587,32.49,64.0183993596719
32322,-8.172088,-3.762714,4.385446,-0.018173,0.014508,-0.024893,32.51,64.013117226236
32332,-8.172686,-3.76391,4.374678,-0.018173,0.01741,-0.023976,32.51,64.071166719267
32342,-8.157133,-3.755535,4.365705,-0.017868,0.02306,-0.020922,32.5,64.0732376120058
32352,-8.168499,-3.756732,4.367499,-0.01741,0.025045,-0.020159,32.53,64.0911204794296
32362,-8.175676,-3.754937,4.374678,-0.016799,0.027184,-0.018937,32.53,64.0685802441749
32372,-8.179864,-3.754339,4.361517,-0.016188,0.029169,-0.017562,32.46,64.1452952328379
32382,-8.184052,-3.754937,4.34417,-0.014661,0.030391,-0.015424,32.46,64.2448961808319
32392,-8.184649,-3.739383,4.357928,-0.013744,0.031001,-0.013592,32.52,64.1591146199166
32402,-8.192427,-3.735196,4.349553,-0.012981,0.031154,-0.011759,32.52,64.2156350935573
32412,-8.184649,-3.757928,4.345964,-0.011148,0.031307,-0.009621,32.52,64.2400954422965
32422,-8.193623,-3.747759,4.336991,-0.01069,0.031001,-0.00733,32.52,64.2961656939242
32432,-8.201998,-3.748955,4.347759,-0.008858,0.029474,-0.006109,32.5,64.2607785937224
32442,-8.2014,-3.750151,4.342375,-0.007636,0.027794,-0.004887,32.5,64.2884247139434
32452,-8.181659,-3.750151,4.329215,-0.006261,0.02642,-0.002596,32.52,64.3117728585737
32462,-8.194221,-3.739383,4.333402,-0.004734,0.024129,-0.000305,32.52,64.3074016353195
32472,-8.191828,-3.754339,4.329813,-0.00336,0.021533,0.000305,32.52,64.3359845560669
32482,-8.212168,-3.736991,4.331009,-0.001833,0.0197,0.002443,32.52,64.3578192200891
32492,-8.209774,-3.751946,4.333402,-0.000611,0.016952,0.003512,32.46,64.3554465089442
32502,-8.206783,-3.748357,4.32742,0.000611,0.014203,0.004734,32.46,64.3758872967979
32512,-8.212766,-3.742973,4.337589,0.001527,0.01069,0.005803,32.49,64.3313643850311
32522,-8.215158,-3.755535,4.326224,0.003971,0.004887,0.006567,32.49,64.4082826979464
32532,-8.207382,-3.745964,4.332206,0.004887,0.001985,0.00733,32.49,64.3500707168445
32542,-8.21157,-3.751946,4.336392,0.006109,-0.001833,0.007025,32.5,64.3440709125373
32552,-8.218747,-3.746562,4.339982,0.006414,-0.00504,0.00672,32.5,64.3361978433768
32562,-8.218149,-3.760919,4.336991,0.005956,-0.007483,0.00672,32.5,64.3650249668645
32572,-8.221739,-3.751348,4.339384,0.006872,-0.009163,0.005651,32.5,64.3509323686809
32582,-8.225926,-3.747759,4.339384,0.007483,-0.011606,0.005192,32.5,64.3566726363452
32592,-8.228318,-3.752544,4.353741,0.007178,-0.013897,0.004276,32.5,64.2930687286358
32602,-8.215756,-3.758526,4.353741,0.006261,-0.015272,0.00168,32.53,64.270911580754
32612,-8.219944,-3.753741,4.354339,0.005803,-0.01573,0.000916,32.53,64.2723470394826
32622,-8.219346,-3.754339,4.365107,0.006109,-0.017562,0.000153,32.5,64.2162299901355
32632,-8.213365,-3.758526,4.359723,0.00504,-0.018479,-0.001833,32.5,64.234734476139
32642,-8.212766,-3.759125,4.359723,0.004123,-0.017868,-0.003818,32.5,64.2340009340642
32652,-8.212766,-3.760321,4.355535,0.003512,-0.018479,-0.004581,32.5,64.2567868773434
32662,-8.204391,-3.768098,4.361517,0.002443,-0.018326,-0.005498,32.48,64.2151475513619
32672,-8.204989,-3.765106,4.365107,0.001222,-0.017562,-0.007483,32.48,64.194925410543
32682,-8.199606,-3.769294,4.37408,0.000153,-0.016646,-0.009316,32.51,64.140954176154
32692,-8.206783,-3.766901,4.377669,-0.002138,-0.01405,-0.010843,32.49,64.1362681940792
32702,-8.194819,-3.767499,4.384848,-0.003971,-0.013439,-0.012675,32.49,64.0728886021713
32712,-8.203793,-3.764508,4.375875,-0.00504,-0.011454,-0.013592,32.5,64.1362306584955
32722,-8.19781,-3.77408,4.376472,-0.006109,-0.009621,-0.015119,32.5,64.1295765923059
32732,-8.197212,-3.777669,4.381856,-0.007636,-0.007636,-0.014355,32.51,64.1042999622172
32742,-8.189436,-3.76391,4.37408,-0.009316,-0.005345,-0.015424,32.51,64.1122951545129
32752,-8.191828,-3.766901,4.381856,-0.01069,-0.003665,-0.017257,32.51,64.0808528154347
32762,-8.180463,-3.76391,4.368696,-0.011454,-0.002138,-0.016952,32.51,64.1196475816613
32772,-8.199007,-3.771687,4.379463,-0.012217,0,-0.017562,32.48,64.1144218996163
32782,-8.179864,-3.771687,4.376472,-0.01237,0.002443,-0.017257,32.48,64.0863870561613
32792,-8.185248,-3.761517,4.37408,-0.013134,0.004276,-0.018173,32.5,64.1002926841313
32802,-8.185846,-3.759723,4.362714,-0.014508,0.005651,-0.018021,32.5,64.1583084850083
32812,-8.184649,-3.760919,4.372285,-0.015272,0.00733,-0.017715,32.47,64.1075481703252
32823,-8.180463,-3.756732,4.367499,-0.015119,0.008858,-0.016341,32.47,64.1183211144675
32832,-8.170293,-3.762714,4.375875,-0.015577,0.011148,-0.017104,32.5,64.0583038386887
32842,-8.179864,-3.760321,4.368696,-0.016035,0.012675,-0.016341,32.5,64.1145396154334
32852,-8.182258,-3.753741,4.368696,-0.016341,0.014508,-0.015577,32.54,64.1131135055085
32862,-8.173284,-3.753142,4.365107,-0.016646,0.017104,-0.014661,32.54,64.1105856266088
32872,-8.183454,-3.760919,4.360919,-0.016035,0.018479,-0.013592,32.5,64.163379931654
32882,-8.194819,-3.752544,4.359125,-0.016188,0.019548,-0.013286,32.49,64.1896739412595
32892,-8.192427,-3.75733,4.357928,-0.015272,0.020006,-0.013286,32.49,64.1953910370229
32902,-8.184052,-3.756732,4.351348,-0.014966,0.021075,-0.011912,32.52,64.2097233700037
32912,-8.187043,-3.751946,4.356134,-0.014203,0.021991,-0.011301,32.52,64.1868455917973
32922,-8.185846,-3.748955,4.352544,-0.01405,0.022449,-0.010537,32.51,64.1995388771371
32932,-8.204391,-3.753741,4.346562,-0.012828,0.021991,-0.009927,32.51,64.2772995652729
32942,-8.197212,-3.756134,4.348955,-0.011454,0.021686,-0.009621,32.52,64.2512212448123
32952,-8.199606,-3.746562,4.351348,-0.010537,0.021686,-0.008552,32.52,64.2343941742035
32962,-8.2014,-3.752544,4.345366,-0.010232,0.020922,-0.008247,32.52,64.2754732304014
32972,-8.191828,-3.747759,4.347759,-0.008399,0.020617,-0.007025,32.52,64.2365345063845
32982,-8.210373,-3.738187,4.341777,-0.007483,0.01909,-0.007789,32.51,64.2994457059957
32992,-8.202596,-3.741776,4.343571,-0.005651,0.017868,-0.006872,32.51,64.2763153972025
33002,-8.212168,-3.741776,4.341777,-0.006109,0.016646,-0.00672,32.5,64.307189717862
33012,-8.208578,-3.742374,4.333402,-0.004276,0.014355,-0.005345,32.5,64.3429028026749
33022,-8.204391,-3.75075,4.334598,-0.003665,0.012981,-0.006414,32.5,64.3359124711477
33032,-8.212766,-3.738786,4.342973,-0.002291,0.011606,-0.004887,32.5,64.2992994778691
33042,-8.21157,-3.746562,4.334,0.000153,0.00733,-0.004276,32.51,64.3508690666451
33052,-8.213365,-3.760919,4.335794,0.000764,0.004581,-0.003207,32.48,64.3604348193332
33062,-8.204391,-3.747759,4.342973,0.001527,0.002291,-0.00336,32.48,64.2896268738706
33072,-8.222337,-3.752544,4.335794,0.003054,-0.000305,-0.003207,32.49,64.3720040658849
33082,-8.208578,-3.759723,4.337589,0.003054,-0.002596,-0.002291,32.49,64.3391730477952
33092,-8.212168,-3.752544,4.343571,0.003665,-0.004887,-0.002291,32.46,64.309027235428
33102,-8.204989,-3.762115,4.34058,0.005192,-0.00672,-0.00168,32.46,64.3181365103056
33112,-8.20798,-3.754339,4.34417,0.005345,-0.009468,-0.002443,32.53,64.2983456627998
33122,-8.204989,-3.755535,4.339384,0.005803,-0.01069,-0.001069,32.53,64.3175081410713
33132,-8.214561,-3.751946,4.342973,0.005498,-0.013134,-0.000764,32.49,64.3168876393851
33142,-8.209177,-3.754339,4.354938,0.006109,-0.015577,-0.001374,32.49,64.2455772484812
33152,-8.209774,-3.761517,4.354938,0.006567,-0.016188,-0.000153,32.51,64.2543440875946
33162,-8.202596,-3.760919,4.351348,0.005498,-0.016952,-0.000764,32.51,64.2560082495749
33172,-8.210373,-3.768696,4.35075,0.004887,-0.018326,-0.001069,32.46,64.2846784284819
33182,-8.207382,-3.754937,4.359723,0.004276,-0.018021,-0.001374,32.46,64.2175056311225
33192,-8.197212,-3.766303,4.353143,0.003971,-0.017562,-0.001374,32.51,64.2401822776531
33202,-8.196614,-3.772285,4.378268,0.002749,-0.017257,-0.001374,32.51,64.1157653009915
33212,-8.188837,-3.764508,4.369893,0.000611,-0.01573,-0.00336,32.54,64.1331070984037
33222,-8.204989,-3.771687,4.380062,-0.000916,-0.014661,-0.003971,32.51,64.1248907744423
33232,-8.198408,-3.762115,4.383053,-0.001985,-0.013439,-0.004734,32.51,64.0846447921731
33242,-8.191828,-3.772883,4.374678,-0.003665,-0.011912,-0.005651,32.48,64.1240028053337
33252,-8.194221,-3.774678,4.371687,-0.004734,-0.009468,-0.006414,32.48,64.1466773589119
33262,-8.190034,-3.765705,4.379463,-0.006109,-0.007178,-0.007636,32.5,64.0878359205822
33272,-8.188239,-3.755535,4.380062,-0.007941,-0.005498,-0.00901,32.5,64.0700681150561
33282,-8.19123,-3.771687,4.379463,-0.009468,-0.002749,-0.010843,32.52,64.0967944695593
33292,-8.197212,-3.77408,4.382454,-0.010232,-0.000458,-0.011606,32.52,64.0974822721775
33302,-8.202596,-3.771687,4.383651,-0.011454,0.002138,-0.012981,32.53,64.1010385765333
33312,-8.192427,-3.77049,4.38425,-0.013439,0.004734,-0.014661,32.53,64.0736552306922
33322,-8.192427,-3.75733,4.377071,-0.01405,0.007483,-0.014355,32.56,64.0968397259617
33332,-8.194819,-3.756732,4.38425,-0.014203,0.009774,-0.016035,32.56,64.0647364495012
33342,-8.180463,-3.760919,4.371089,-0.015424,0.01237,-0.016493,32.53,64.104199363348
33352,-8.185248,-3.766303,4.368696,-0.015882,0.013897,-0.016952,32.53,64.1330025557131
33362,-8.179267,-3.760321,4.38066,-0.016646,0.016035,-0.017257,32.49,64.0515842488268
33372,-8.198408,-3.762714,4.371089,-0.017257,0.01741,-0.019395,32.49,64.1467774629087
33382,-8.193025,-3.765705,4.360321,-0.016799,0.020006,-0.0197,32.53,64.1931220219988
33392,-8.18764,-3.754937,4.368098,-0.016646,0.021075,-0.019853,32.5,64.1296625809516
33402,-8.190034,-3.758526,4.36391,-0.016799,0.022144,-0.019242,32.5,64.1603966770323
33412,-8.187043,-3.758526,4.362714,-0.017562,0.021228,-0.020617,32.51,64.1597763385789
33422,-8.201998,-3.753142,4.36391,-0.016035,0.022297,-0.018937,32.51,64.1819133479518
33432,-8.193025,-3.750151,4.348357,-0.015119,0.022449,-0.017868,32.51,64.2386372510767
33442,-8.192427,-3.745964,4.355535,-0.014813,0.022144,-0.01741,32.51,64.1959314321871
33452,-8.205587,-3.754339,4.345366,-0.014203,0.021228,-0.016799,32.5,64.2867816421565
33462,-8.184052,-3.744768,4.343571,-0.013286,0.020311,-0.015577,32.5,64.2374365392257
33472,-8.194819,-3.747759,4.338188,-0.012523,0.020006,-0.014203,32.53,64.2926892067713
33482,-8.19781,-3.744169,4.339982,-0.011301,0.018479,-0.012217,32.53,64.2864817388242
33492,-8.198408,-3.751946,4.341179,-0.010537,0.016646,-0.012065,32.54,64.289690804884
33502,-8.194819,-3.753142,4.338188,-0.00901,0.016035,-0.010079,32.54,64.2982550064542
33512,-8.206185,-3.738187,4.342375,-0.007483,0.013897,-0.007636,32.47,64.2868989191539
33522,-8.203793,-3.753741,4.336392,-0.006109,0.012828,-0.005956,32.47,64.3283925762498
33532,-8.200802,-3.745365,4.338188,-0.00504,0.010843,-0.004429,32.48,64.3037347945011
33542,-8.200203,-3.744169,4.34058,-0.004276,0.00901,-0.002902,32.48,64.2888047795707
33552,-8.204989,-3.747759,4.328616,-0.002596,0.00672,0.001069,32.52,64.3650552682962
33562,-8.194819,-3.732205,4.331009,0.000458,0.003971,0.002138,32.49,64.3137172807149
33572,-8.203793,-3.744169,4.338786,0.001527,0.001069,0.003207,32.49,64.3061710822949
33582,-8.210971,-3.755535,4.334598,0.001985,-0.000305,0.004734,32.47,64.3556684672761
33592,-8.200802,-3.751946,4.339384,0.003512,-0.00168,0.00672,32.47,64.3043564389165
33602,-8.20798,-3.739383,4.344768,0.004887,-0.003207,0.006567,32.52,64.2798470205951
33612,-8.213962,-3.753142,4.345964,0.00504,-0.00504,0.007178,32.52,64.3013590047031
33622,-8.206185,-3.750151,4.345964,0.005498,-0.006872,0.006414,32.47,64.2807260595063
33632,-8.215756,-3.753741,4.342973,0.006414,-0.008094,0.00733,32.47,64.3214285750626
33642,-8.202596,-3.75733,4.339384,0.006567,-0.010079,0.007178,32.47,64.3139652006657
33652,-8.207382,-3.76391,4.34417,0.00672,-0.011454,0.005651,32.47,64.3068807128495
33662,-8.212168,-3.753142,4.353741,0.006109,-0.01237,0.005345,32.52,64.2572593485907
33672,-8.221739,-3.761517,4.354339,0.005192,-0.013134,0.004429,32.52,64.2844050256711
33682,-8.201998,-3.760321,4.355535,0.00504,-0.013134,0.003207,32.51,64.2324716804605
33692,-8.209177,-3.760919,4.362714,0.004581,-0.013134,0.000764,32.51,64.2123620685859
33702,-8.206783,-3.77049,4.369295,0.003512,-0.014203,0,32.52,64.1830315628374
33712,-8.220542,-3.766901,4.369295,0.002596,-0.014508,-0.001833,32.52,64.210383728184
33722,-8.195418,-3.763312,4.366303,0.002138,-0.014966,-0.003971,32.48,64.1652526527166
33732,-8.203793,-3.772285,4.362116,-0.000764,-0.014203,-0.007025,32.5,64.2150607135989
33742,-8.204391,-3.761517,4.371089,-0.002138,-0.013286,-0.008705,32.5,64.1590827610875
33752,-8.199007,-3.769892,4.380062,-0.003054,-0.012523,-0.010232,32.54,64.1094734729345
33762,-8.196015,-3.77049,4.372883,-0.004429,-0.012217,-0.012828,32.54,64.1402232275702
33772,-8.203793,-3.772883,4.377071,-0.006109,-0.01069,-0.014203,32.52,64.1387938200184
33782,-8.198408,-3.777669,4.379463,-0.007941,-0.008705,-0.016341,32.52,64.1193024347591
33792,-8.193025,-3.769892,4.362116,-0.009316,-0.007483,-0.01741,32.47,64.1882355979072
33802,-8.192427,-3.768098,4.377669,-0.01069,-0.005651,-0.018479,32.47,64.1049872805752
33812,-8.196614,-3.772285,4.379463,-0.012065,-0.003665,-0.019395,32.49,64.1096235685021
33822,-8.190632,-3.771687,4.380062,-0.013439,-0.001527,-0.020922,32.49,64.0923586973413
33832,-8.189436,-3.768696,4.375276,-0.014203,0.001527,-0.020769,32.49,64.1111351078952
33842,-8.19123,-3.771687,4.380062,-0.013897,0.003665,-0.021075,32.49,64.0937150492876
33852,-8.19123,-3.775276,4.37408,-0.015272,0.005651,-0.022297,32.48,64.1282212490903
33862,-8.185846,-3.776472,4.375276,-0.016646,0.007636,-0.022907,32.48,64.1111190408311
33872,-8.19123,-3.763312,4.377669,-0.016493,0.009468,-0.022602,32.5,64.0972801969308
33882,-8.185846,-3.76391,4.372285,-0.017257,0.011912,-0.022297,32.5,64.1133863345692
33892,-8.185248,-3.768696,4.365107,-0.018326,0.014661,-0.021686,32.52,64.1539800530833
33902,-8.178668,-3.757928,4.369295,-0.018784,0.018326,-0.020617,32.52,64.1062382477044
33912,-8.190632,-3.754937,4.358526,-0.018479,0.020464,-0.019395,32.54,64.1857580305678
33922,-8.180463,-3.755535,4.360321,-0.017868,0.022297,-0.018021,32.52,64.154067168336
33932,-8.185846,-3.758526,4.362116,-0.017868,0.02306,-0.01741,32.52,64.1601430987608
33942,-8.179267,-3.762115,4.362714,-0.016952,0.02474,-0.015882,32.5,64.1458795157449
33952,-8.184052,-3.755535,4.354938,-0.017104,0.025351,-0.014813,32.5,64.1899631376165
33962,-8.194819,-3.75075,4.347759,-0.016188,0.025198,-0.013286,32.56,64.2464010584071
33972,-8.181659,-3.748955,4.345964,-0.01573,0.024893,-0.012523,32.56,64.2240031832546
33982,-8.189436,-3.756134,4.344768,-0.015119,0.024587,-0.01069,32.49,64.255233621454
33992,-8.203195,-3.741776,4.342375,-0.013439,0.02474,-0.009774,32.49,64.283838507596
34002,-8.199606,-3.747759,4.345964,-0.012065,0.023518,-0.008552,32.5,64.2633903000959
34012,-8.188239,-3.74716,4.34058,-0.011148,0.021838,-0.00733,32.5,64.2648401240599
34022,-8.202596,-3.757928,4.336991,-0.009927,0.020159,-0.004887,32.51,64.3269258532804
34032,-8.19781,-3.756134,4.338188,-0.008094,0.018173,-0.004581,32.51,64.3081017372
34042,-8.19781,-3.753142,4.329215,-0.006414,0.016646,-0.002749,32.48,64.3513289044273
34052,-8.19781,-3.75733,4.335794,-0.005498,0.014355,-0.00168,32.48,64.3216917377075
34062,-8.201998,-3.748357,4.332804,-0.003665,0.012065,-0.001222,32.49,64.3373074042741
34072,-8.20798,-3.750151,4.319643,-0.002902,0.006414,0.000153,32.49,64.4205877827896
34082,-8.210373,-3.750151,4.328018,0.000458,0.003665,0.001069,32.5,64.3827291878172
34092,-8.216354,-3.743571,4.329813,0.001069,0.000458,0.001833,32.5,64.3801736166819
34102,-8.208578,-3.756732,4.335794,0.002138,-0.001527,0.002902,32.5,64.3453449673037
34112,-8.206783,-3.742374,4.338188,0.002749,-0.004887,0.002291,32.49,64.3141583849523
34122,-8.212766,-3.756732,4.34058,0.003512,-0.007483,0.002443,32.49,64.3301040052015
34132,-8.206783,-3.755535,4.342375,0.005192,-0.008858,0.003207,32.5,64.3061323003693
34142,-8.208578,-3.753741,4.335794,0.005192,-0.011606,0.002443,32.5,64.3422625522211
34152,-8.210971,-3.756732,4.345366,0.004734,-0.012523,0.003512,32.5,64.3013968648228
34162,-8.200802,-3.744768,4.339384,0.005345,-0.014813,0.003512,32.5,64.2969474132639
34172,-8.203793,-3.755535,4.345964,0.005651,-0.016646,0.00336,32.53,64.2808853789288
34182,-8.199606,-3.751946,4.352544,0.005651,-0.017868,0.001985,32.53,64.2337997724601
34192,-8.194819,-3.754339,4.360919,0.005192,-0.017868,0.001833,32.5,64.182295046739
34202,-8.200203,-3.75075,4.355535,0.003971,-0.018631,0.000611,32.5,64.2185009231547
34212,-8.202596,-3.765705,4.356732,0.004123,-0.018173,0.001069,32.51,64.2332393444562
34222,-8.194819,-3.771687,4.361517,0.003818,-0.018021,0.000458,32.51,64.1972448285647
34232,-8.196614,-3.769294,4.375276,0.003207,-0.016799,0.000153,32.51,64.128028903909
34242,-8.196015,-3.759125,4.371687,0.002443,-0.016035,-0.001833,32.51,64.1345460510088
34252,-8.200203,-3.765705,4.369893,0.000916,-0.013744,-0.002749,32.48,64.1601032664918
34262,-8.201998,-3.767499,4.377071,-0.000305,-0.011912,-0.003971,32.51,64.1291285222707
34272,-8.181061,-3.763312,4.375276,-0.002291,-0.009927,-0.005192,32.51,64.0865006261247
34282,-8.18764,-3.765106,4.382454,-0.00336,-0.007636,-0.005803,32.5,64.0663940766647
34292,-8.185248,-3.765106,4.369295,-0.004123,-0.005956,-0.006414,32.5,64.1286695561619
34302,-8.188837,-3.765106,4.38425,-0.005498,-0.00336,-0.00672,32.55,64.0598798267614
34312,-8.194819,-3.772883,4.379463,-0.006872,-0.001374,-0.007636,32.55,64.1061795911497
34322,-8.188837,-3.768696,4.383053,-0.007789,0.000916,-0.007636,32.48,64.0697840401329
34332,-8.193025,-3.768696,4.380062,-0.008552,0.003207,-0.009927,32.48,64.0946642306143
34342,-8.188239,-3.765705,4.375276,-0.010079,0.00504,-0.010843,32.46,64.1052982401478
34352,-8.19123,-3.766303,4.375875,-0.011759,0.007483,-0.012065,32.46,64.1096263181353
34362,-8.19123,-3.769892,4.375276,-0.012065,0.008705,-0.012981,32.48,64.116450984556
34372,-8.184649,-3.768098,4.374678,-0.013286,0.011148,-0.012523,32.48,64.1027271624469
34382,-8.186445,-3.76391,4.371687,-0.014203,0.011759,-0.014203,32.5,64.117823634655
34392,-8.187043,-3.765106,4.372285,-0.015119,0.012981,-0.014813,32.5,64.1173503536292
34402,-8.186445,-3.763312,4.366901,-0.015577,0.014508,-0.014355,32.5,64.1418400439835
34412,-8.204391,-3.748357,4.362116,-0.016035,0.015577,-0.014355,32.5,64.1916128440788
34422,-8.201998,-3.759125,4.362714,-0.017715,0.016799,-0.015577,32.52,64.1942711136992
34432,-8.200802,-3.771687,4.359723,-0.017562,0.016799,-0.015882,32.48,64.2199990090432
34442,-8.203195,-3.763312,4.360919,-0.018021,0.016799,-0.015882,32.48,64.2105583478561
34452,-8.205587,-3.758526,4.351348,-0.018173,0.016341,-0.016341,32.54,64.2602856280037
34462,-8.215756,-3.753741,4.360919,-0.017562,0.016952,-0.015272,32.54,64.229040313912
34472,-8.212168,-3.758526,4.354339,-0.017715,0.016952,-0.016035,32.53,64.2597391360705
34482,-8.190632,-3.75733,4.35733,-0.017562,0.016035,-0.01573,32.53,64.1944073357213
34492,-8.193025,-3.753142,4.352544,-0.01741,0.016341,-0.015424,32.52,64.2201472027233
34502,-8.198408,-3.748357,4.349553,-0.016799,0.014813,-0.01573,32.52,64.2427933252073
34512,-8.202596,-3.747759,4.341179,-0.015882,0.014508,-0.015272,32.53,64.2948253512792
34522,-8.19781,-3.753142,4.339982,-0.016035,0.013286,-0.014966,32.53,64.2957520737854
34532,-8.203195,-3.739982,4.352544,-0.014355,0.012523,-0.014508,32.51,64.2295555101024
34542,-8.210373,-3.74058,4.349553,-0.013439,0.010843,-0.014355,32.51,64.2618248156809
34552,-8.203793,-3.741776,4.345964,-0.012828,0.009774,-0.013439,32.53,64.2666807512857
34562,-8.199606,-3.75075,4.345366,-0.010843,0.00901,-0.011912,32.53,64.2695655123717
34572,-8.197212,-3.744768,4.337589,-0.009927,0.008094,-0.011148,32.48,64.2980995237683
34582,-8.209177,-3.741179,4.344768,-0.00901,0.007025,-0.010996,32.48,64.2844011174889
34592,-8.199606,-3.747759,4.339384,-0.008094,0.003512,-0.009316,32.49,64.2973324371902
34602,-8.19123,-3.750151,4.343571,-0.005651,0.002291,-0.007941,32.52,64.2592665725521
34612,-8.198408,-3.752544,4.342375,-0.004276,0.001374,-0.006109,32.52,64.2841394345826
34622,-8.196614,-3.749553,4.342973,-0.002443,0.000305,-0.005651,32.5,64.2739081711097
34632,-8.190632,-3.744169,4.338188,-0.002291,-0.000916,-0.004123,32.5,64.279510323702
34642,-8.204391,-3.749553,4.343571,-0.001527,-0.00168,-0.003512,32.52,64.2883944275851
34652,-8.187043,-3.75733,4.34417,0.000305,-0.003665,-0.002138,32.52,64.2541481249516
34662,-8.194221,-3.755535,4.34058,0.001374,-0.004429,-0.001985,32.52,64.2870366447382
34672,-8.192427,-3.754339,4.338786,0.001222,-0.005498,-0.001069,32.52,64.29100416923
34682,-8.197212,-3.748357,4.35075,0.002443,-0.00672,-0.000458,32.5,64.2339159584322
34692,-8.200802,-3.759125,4.342375,0.003054,-0.008094,0.000305,32.5,64.2963493333602
34702,-8.209177,-3.754339,4.350152,0.003971,-0.008705,0.001527,32.51,64.270224650184
34712,-8.194819,-3.753142,4.345964,0.004429,-0.009621,0.002596,32.51,64.258135504351
34722,-8.189436,-3.762115,4.347759,0.004734,-0.009774,0.002291,32.51,64.246012810693
34732,-8.190632,-3.759723,4.360321,0.004887,-0.010537,0.001833,32.51,64.1814835891838
34742,-8.203195,-3.77049,4.354938,0.005192,-0.01069,0.002902,32.5,64.2487899618409
34752,-8.209177,-3.772883,4.359723,0.004276,-0.01069,0.003054,32.5,64.2401419275011
34762,-8.200203,-3.779463,4.365107,0.003665,-0.011606,0.002749,32.47,64.1990299724516
34772,-8.199007,-3.764508,4.365107,0.003207,-0.011606,0.001985,32.53,64.1807752151737
34782,-8.196015,-3.781258,4.363312,0.00168,-0.011148,0.000458,32.53,64.2006754067791
34792,-8.200802,-3.772883,4.365705,0.001069,-0.009927,0.000764,32.51,64.1904621362618
34802,-8.196614,-3.769294,4.370491,0.001069,-0.009468,0.001374,32.51,64.1526364498333
34812,-8.200203,-3.77408,4.375875,-0.000458,-0.007789,-0.000764,32.54,64.1380619107334
34822,-8.201998,-3.772285,4.368696,-0.00168,-0.00672,-0.001374,32.54,64.1771606134684
34832,-8.193623,-3.776472,4.375875,-0.002596,-0.004429,-0.002749,32.48,64.1256595734908
34842,-8.195418,-3.768696,4.378866,-0.004887,-0.003207,-0.003207,32.48,64.1062389885414
34852,-8.189436,-3.778865,4.374678,-0.005956,-0.001374,-0.003818,32.5,64.1248312415597
34862,-8.203793,-3.775276,4.38066,-0.007178,0.000611,-0.005651,32.5,64.1228485238596
34872,-8.196015,-3.768098,4.377669,-0.008705,0.002138,-0.006414,32.5,64.1131223935571
34882,-8.196015,-3.776472,4.371089,-0.009774,0.004734,-0.008247,32.5,64.1556828932315
34892,-8.188239,-3.766303,4.378866,-0.011301,0.006109,-0.009163,32.5,64.0874557321763
34902,-8.18764,-3.766303,4.380062,-0.011759,0.008705,-0.010996,32.5,64.0799448338373
34912,-8.205587,-3.766901,4.371089,-0.012828,0.010385,-0.01237,32.52,64.1673782662825
34922,-8.19123,-3.77049,4.375875,-0.015119,0.012065,-0.012981,32.52,64.1139942900792
34932,-8.190034,-3.765705,4.369893,-0.014813,0.013439,-0.015119,32.49,64.1370685903022
34942,-8.194221,-3.762714,4.370491,-0.017257,0.017257,-0.017104,32.49,64.1403665928585
34952,-8.199007,-3.764508,4.369295,-0.017562,0.018326,-0.018326,32.52,64.1592274407369
34962,-8.19781,-3.758526,4.371089,-0.017562,0.018784,-0.018479,32.47,64.1410691470049
34972,-8.195418,-3.758526,4.357928,-0.017562,0.0197,-0.019242,32.47,64.2034039792258
34982,-8.208578,-3.755535,4.36391,-0.018021,0.020006,-0.0197,32.54,64.1992825042689
34992,-8.19123,-3.757928,4.359125,-0.01909,0.019853,-0.020617,32.54,64.1871339696556
35002,-8.193623,-3.755535,4.352544,-0.018631,0.019548,-0.020464,32.53,64.2239823935478
35012,-8.209177,-3.746562,4.356134,-0.016799,0.019853,-0.020617,32.53,64.2313883257473
35022,-8.197212,-3.755535,4.347161,-0.016188,0.019242,-0.019548,32.53,64.2598499880851
35032,-8.200203,-3.753142,4.351348,-0.016493,0.018173,-0.018937,32.53,64.242551134815
35042,-8.196015,-3.749553,4.341179,-0.016035,0.016646,-0.018479,32.5,64.2818103332148
35052,-8.199007,-3.745964,4.347161,-0.015119,0.015424,-0.016952,32.5,64.2540078917499
35062,-8.200203,-3.756134,4.337589,-0.01405,0.013897,-0.016799,32.52,64.3165914007544
35072,-8.196614,-3.742973,4.343571,-0.012675,0.01237,-0.015424,32.52,64.2640218754992
35082,-8.206783,-3.745365,4.338188,-0.012217,0.011454,-0.013286,32.45,64.317238218153
35092,-8.190632,-3.736991,4.347759,-0.011759,0.008552,-0.012828,32.45,64.2226783089085
35102,-8.204989,-3.742374,4.34058,-0.010079,0.00672,-0.011148,32.5,64.2977676901926
35112,-8.196614,-3.736991,4.332804,-0.008399,0.003207,-0.007636,32.5,64.3134338935143
35122,-8.200802,-3.742973,4.329215,-0.00672,0.001527,-0.006414,32.5,64.3475927810103
35132,-8.206185,-3.738786,4.33041,-0.005498,-0.000916,-0.004887,32.48,64.3492596583156
35142,-8.195418,-3.752544,4.344768,-0.004581,-0.00336,-0.004276,32.48,64.2650394319065
35152,-8.207382,-3.75075,4.334,-0.003512,-0.004887,-0.002138,32.47,64.3457405856495
35162,-8.198408,-3.751348,4.336991,-0.002902,-0.00733,-0.000458,32.47,64.3106821261509
35172,-8.199007,-3.742973,4.342375,-0.001833,-0.008858,-0.000305,32.5,64.2756053066987
35182,-8.195418,-3.750151,4.338188,-0.001069,-0.009927,0.001069,32.5,64.2965151638849
35192,-8.193623,-3.758526,4.338188,0.000305,-0.010843,0.002443,32.5,64.301126577325
35202,-8.188239,-3.75733,4.345964,0.000611,-0.012523,0.002749,32.5,64.2475967159988
35212,-8.20798,-3.747759,4.351946,0.001374,-0.012981,0.003665,32.5,64.2514877009601
35222,-8.200203,-3.760321,4.363312,0.00168,-0.013897,0.004887,32.5,64.1883722847384
35232,-8.193025,-3.757928,4.352544,0.002291,-0.014508,0.004581,32.51,64.2251119409757
35242,-8.209774,-3.760321,4.351946,0.002902,-0.014355,0.004429,32.51,64.2685115811642
35252,-8.195418,-3.764508,4.354938,0.002138,-0.014355,0.003512,32.5,64.2250173817837
35262,-8.194819,-3.762714,4.361517,0.00336,-0.01405,0.003512,32.5,64.1879134989274
35272,-8.197212,-3.765106,4.362714,0.002596,-0.013134,0.003971,32.48,64.1896516669732
35282,-8.199606,-3.765106,4.362116,0.002291,-0.012065,0.003054,32.48,64.1981447519416
35292,-8.187043,-3.77408,4.373481,0.001069,-0.009774,0.001527,32.49,64.1205660042889
35302,-8.191828,-3.778865,4.369295,-0.000458,-0.008247,0.000458,32.52,64.1579336835402
35312,-8.192427,-3.771089,4.371687,-0.001069,-0.006414,-0.000153,32.52,64.1388728353293
35322,-8.200203,-3.772285,4.383053,-0.001985,-0.005345,-0.001985,32.51,64.0993111236805
35332,-8.19781,-3.776472,4.377669,-0.003207,-0.003818,-0.00336,32.51,64.1259185533457
35342,-8.200203,-3.773481,4.377669,-0.004123,-0.001833,-0.004887,32.51,64.1282184049737
35352,-8.198408,-3.779463,4.37408,-0.00504,0.000153,-0.006872,32.51,64.1488364297913
35363,-8.192427,-3.772285,4.366303,-0.005956,0.002291,-0.008094,32.49,64.1678222030743
35372,-8.194221,-3.769294,4.369295,-0.007025,0.004276,-0.008399,32.49,64.1533711105223
35382,-8.198408,-3.764508,4.379463,-0.008705,0.005498,-0.010232,32.48,64.1055862951613
35392,-8.182258,-3.778865,4.381258,-0.010232,0.007483,-0.010843,32.48,64.0747207714704
35402,-8.192427,-3.775874,4.37408,-0.012065,0.00901,-0.013134,32.51,64.1315565341077
35412,-8.19123,-3.772883,4.37408,-0.012828,0.010232,-0.013439,32.51,64.1257234126705
35422,-8.199606,-3.773481,4.376472,-0.012981,0.011606,-0.013592,32.5,64.1330184073656
35432,-8.194221,-3.77049,4.368696,-0.01405,0.012523,-0.014355,32.5,64.1576987666176
35442,-8.194221,-3.76391,4.375875,-0.015882,0.01405,-0.015119,32.52,64.1139157622966
35452,-8.205587,-3.766901,4.367499,-0.016188,0.014355,-0.016035,32.52,64.1858370414349
35462,-8.190632,-3.771687,4.360919,-0.018479,0.016646,-0.016341,32.53,64.1908547996478
35472,-8.19781,-3.77049,4.363312,-0.018479,0.016646,-0.015119,32.48,64.19352292353
35482,-8.205587,-3.755535,4.356732,-0.018784,0.016035,-0.015272,32.48,64.2294643322862
35492,-8.192427,-3.766303,4.355535,-0.018479,0.016341,-0.015577,32.52,64.2170441696764
35502,-8.190632,-3.756732,4.355535,-0.017868,0.016493,-0.015272,32.52,64.2030371094339
35512,-8.196614,-3.758526,4.354339,-0.018631,0.015424,-0.014508,32.51,64.2246001043524
35522,-8.194819,-3.762714,4.350152,-0.019242,0.015577,-0.013592,32.51,64.2464639634869
35532,-8.19781,-3.753142,4.351348,-0.018784,0.014813,-0.013744,32.48,64.2371395989328
35542,-8.191828,-3.74716,4.350152,-0.018937,0.013592,-0.012675,32.48,64.2235705783364
35552,-8.196015,-3.756732,4.353741,-0.018021,0.012675,-0.011606,32.52,64.2244663087913
35562,-8.190632,-3.754937,4.345964,-0.016493,0.012217,-0.01069,32.52,64.2505268934619
35572,-8.20798,-3.744169,4.345964,-0.016188,0.011301,-0.009774,32.49,64.2786113819287
35582,-8.204391,-3.753142,4.344768,-0.015424,0.009316,-0.009316,32.49,64.285928298199
35592,-8.197212,-3.75733,4.345964,-0.014661,0.007483,-0.008247,32.55,64.2678805014034
35602,-8.199606,-3.751348,4.334598,-0.013744,0.006261,-0.00733,32.55,64.3257363887139
35612,-8.195418,-3.745365,4.355535,-0.012828,0.005192,-0.007025,32.51,64.2020897715686
35622,-8.199007,-3.751348,4.33041,-0.011606,0.003207,-0.005345,32.51,64.3460057494983
35632,-8.199606,-3.748357,4.34417,-0.009774,0.000305,-0.003512,32.49,64.2732603519775
35642,-8.196015,-3.744169,4.34417,-0.00672,-0.001069,-0.003054,32.52,64.2608119908931
35652,-8.200802,-3.748357,4.344768,-0.005498,-0.002596,-0.003054,32.52,64.2728793674873
35662,-8.196614,-3.742374,4.338786,-0.004734,-0.004429,-0.002291,32.47,64.2880975682867
35672,-8.206783,-3.75075,4.346562,-0.003971,-0.006414,-0.001222,32.47,64.2796123630306
35682,-8.202596,-3.748955,4.339982,-0.002596,-0.007636,-0.000916,32.45,64.30223390489
35692,-8.203195,-3.751348,4.351348,-0.001833,-0.009316,-0.000153,32.45,64.2474598589519
35702,-8.206185,-3.732804,4.353143,-0.000764,-0.009927,-0.000153,32.5,64.225836875407
35712,-8.198408,-3.742973,4.342973,-0.000153,-0.010843,-0.000305,32.5,64.2711653764156
35722,-8.202596,-3.75075,4.343571,0.000458,-0.011606,0.001069,32.52,64.2855765694093
35732,-8.204989,-3.756134,4.354938,0.000916,-0.012828,0.000764,32.52,64.2379706080749
35742,-8.201998,-3.755535,4.356732,0.001374,-0.013897,0.001222,32.47,64.2213497970106
35752,-8.203793,-3.751348,4.353741,0.001833,-0.013897,0.001833,32.47,64.2364826838513
35762,-8.203793,-3.759125,4.367499,0.00168,-0.013592,0.001985,32.49,64.1737113995961
35772,-8.19123,-3.750151,4.366303,0.001374,-0.013897,0.000916,32.49,64.1420775705364
35782,-8.199007,-3.753142,4.366901,0.000916,-0.013897,0.001527,32.52,64.1597423290281
35792,-8.195418,-3.760919,4.368098,0.001069,-0.013134,0.001069,32.52,64.153526097454
35802,-8.196015,-3.760321,4.371089,0.000764,-0.01237,0.000458,32.51,64.13886647978
35812,-8.203195,-3.759723,4.369295,0.000153,-0.010079,0.001527,32.51,64.1637396180622
35822,-8.193623,-3.762115,4.375875,-0.001527,-0.008705,0.001222,32.51,64.1106895587198
35832,-8.189436,-3.766303,4.369893,-0.00168,-0.006872,0,32.48,64.1363363731286
35842,-8.190632,-3.756732,4.377669,-0.002902,-0.004734,-0.000764,32.48,64.0890639951843
35852,-8.196614,-3.765705,4.377669,-0.002902,-0.003512,-0.00168,32.51,64.1119871271324
35862,-8.17807,-3.772285,4.369295,-0.004429,-0.000611,-0.001527,32.51,64.119887843113
35872,-8.190034,-3.765106,4.368696,-0.005498,0.000611,-0.002902,32.5,64.1426052378606
35882,-8.190034,-3.777071,4.380062,-0.006872,0.002749,-0.003207,32.5,64.0966288710349
35892,-8.195418,-3.768696,4.38066,-0.007941,0.004887,-0.003818,32.47,64.0970177659206
35902,-8.193025,-3.765106,4.372285,-0.008552,0.006414,-0.004276,32.47,64.1309160586754
35912,-8.190632,-3.766901,4.370491,-0.009468,0.007483,-0.005498,32.53,64.1365931693341
35922,-8.196614,-3.766303,4.380062,-0.01069,0.009774,-0.00672,32.53,64.1003090401303
35932,-8.188239,-3.762115,4.368098,-0.012675,0.010843,-0.006567,32.52,64.1384974968786
35942,-8.201998,-3.769892,4.378866,-0.013439,0.012675,-0.00733,32.52,64.1223946957691
35952,-8.190034,-3.771089,4.372883,-0.014355,0.013439,-0.008552,32.54,64.1272982904422
35962,-8.196614,-3.762115,4.369893,-0.01573,0.014813,-0.00901,32.54,64.1482430428427
35972,-8.206783,-3.754937,4.374678,-0.016188,0.016188,-0.01069,32.48,64.1392222691692
35982,-8.205587,-3.760321,4.364508,-0.018784,0.017257,-0.012828,32.53,64.1943976065954
35992,-8.198408,-3.753142,4.371089,-0.0197,0.018326,-0.012828,32.53,64.1368324506804
36002,-8.193623,-3.761517,4.353741,-0.0197,0.018326,-0.013439,32.47,64.224020657601
36012,-8.204989,-3.752544,4.362116,-0.020617,0.018479,-0.013897,32.47,64.1972992916557
36022,-8.20798,-3.764508,4.361517,-0.021075,0.018021,-0.015119,32.54,64.2195325930409
36032,-8.203195,-3.756732,4.353143,-0.021075,0.018173,-0.014508,32.54,64.2437806340715
36042,-8.212168,-3.752544,4.345366,-0.02138,0.01741,-0.01573,32.51,64.2997779643075
36052,-8.203793,-3.754937,4.349553,-0.021228,0.015882,-0.016799,32.51,64.2617708399396
36062,-8.213365,-3.763312,4.343571,-0.021686,0.014813,-0.016188,32.48,64.3228258399083
36072,-8.216953,-3.746562,4.34417,-0.021075,0.014355,-0.016188,32.48,64.310573561739
36082,-8.215756,-3.753142,4.34058,-0.020311,0.012523,-0.016188,32.52,64.3331424832588
36092,-8.214561,-3.74716,4.345964,-0.019853,0.010537,-0.015577,32.52,64.2965500679088
36102,-8.201998,-3.746562,4.336991,-0.019242,0.008552,-0.014966,32.51,64.31384702684
36112,-8.210971,-3.753142,4.334,-0.018326,0.00733,-0.014813,32.51,64.3562888994772
36122,-8.210971,-3.751946,4.34058,-0.017715,0.004887,-0.014966,32.5,64.3211283195167
36132,-8.204989,-3.748357,4.334,-0.016952,0.002596,-0.014661,32.5,64.3378806751818
36142,-8.205587,-3.748357,4.339384,-0.015577,0.000611,-0.014661,32.54,64.3114530207053
36152,-8.212168,-3.742973,4.333402,-0.01405,-0.003512,-0.012981,32.54,64.3516131219733
36162,-8.199606,-3.756732,4.338786,-0.011912,-0.005498,-0.01237,32.48,64.3096872878353
36172,-8.200802,-3.751946,4.34058,-0.01069,-0.00672,-0.010843,32.54,64.2981867842143
36182,-8.194221,-3.741179,4.34058,-0.009316,-0.008552,-0.010079,32.54,64.2721902133288
36192,-8.196614,-3.745964,4.342375,-0.00733,-0.010232,-0.008552,32.49,64.2732834114415
36202,-8.193623,-3.747759,4.345964,-0.006872,-0.011759,-0.006872,32.49,64.2498573284875
36212,-8.201998,-3.757928,4.334598,-0.006261,-0.012675,-0.006414,32.53,64.3379236201468
36222,-8.190632,-3.756134,4.34058,-0.004123,-0.013286,-0.005498,32.53,64.2795484624108
36232,-8.191828,-3.749553,4.347161,-0.003512,-0.013439,-0.003818,32.49,64.2414777404491
36242,-8.189436,-3.758526,4.344768,-0.002596,-0.014508,-0.003207,32.49,64.2577151935091
36252,-8.184649,-3.751348,4.36391,-0.001985,-0.015424,-0.002291,32.54,64.1407108843378
36262,-8.190034,-3.75075,4.356732,-0.000611,-0.015119,-0.000153,32.54,64.1893010087226
36272,-8.202596,-3.754937,4.345366,-0.000305,-0.014966,0.000916,32.51,64.2806475023705
36282,-8.186445,-3.752544,4.348357,0.000916,-0.013897,0.002902,32.51,64.226222222545
36292,-8.182856,-3.751348,4.352544,0.001222,-0.014203,0.003971,32.5,64.1952456654211
36302,-8.179267,-3.77049,4.356732,0.001833,-0.014203,0.003818,32.5,64.1854560596959
36312,-8.18764,-3.761517,4.368098,0.003054,-0.012981,0.00504,32.5,64.1365158615503
36322,-8.175676,-3.748357,4.360321,0.002138,-0.012065,0.006261,32.5,64.1357140591447
36332,-8.192427,-3.765705,4.362116,0.002596,-0.010079,0.007483,32.52,64.1825250377927
36342,-8.172088,-3.756732,4.371687,0.002596,-0.008399,0.007178,32.54,64.0777007204555
36352,-8.193623,-3.754937,4.375875,0.002596,-0.007636,0.008094,32.54,64.1032167009519
36362,-8.17807,-3.762115,4.361517,0.002291,-0.005498,0.007789,32.5,64.1493332639207
36372,-8.185248,-3.759723,4.373481,0.001833,-0.004581,0.008247,32.5,64.1015039955346
36382,-8.199606,-3.775874,4.373481,0.000458,-0.002443,0.007636,32.56,64.150884863224
36392,-8.192427,-3.772285,4.372883,0.000458,-0.000458,0.008399,32.56,64.1339679863733
36402,-8.191828,-3.771687,4.381856,-0.000305,0.001374,0.007178,32.53,64.0858497534937
36412,-8.19123,-3.771687,4.37408,-0.00168,0.002596,0.005345,32.53,64.1244753378344
36422,-8.198408,-3.774678,4.371687,-0.003971,0.004887,0.003971,32.5,64.1561521724556
36432,-8.206783,-3.766901,4.38066,-0.005651,0.006109,0.003512,32.5,64.1209036422971
36442,-8.19123,-3.771089,4.377071,-0.006414,0.009163,0.001985,32.54,64.1084689686247
36452,-8.199007,-3.762714,4.371089,-0.007941,0.01069,0.000458,32.54,64.1481343399817
36462,-8.203195,-3.768696,4.381258,-0.009468,0.012523,-0.001222,32.51,64.1115721782168
36472,-8.197212,-3.758526,4.378268,-0.011759,0.013897,-0.003054,32.51,64.1027903417912
36482,-8.201998,-3.757928,4.371687,-0.013134,0.016035,-0.004887,32.53,64.1468627487235
36492,-8.210373,-3.765106,4.375875,-0.015272,0.016799,-0.00733,32.53,64.1517454616202
36502,-8.209774,-3.75733,4.365107,-0.016952,0.018479,-0.009927,32.53,64.1976870807878
36512,-8.206783,-3.762714,4.375875,-0.018631,0.020006,-0.012065,32.52,64.1411379238831
36522,-8.202596,-3.769892,4.369295,-0.019548,0.019853,-0.014355,32.52,64.1729448352902
36532,-8.218149,-3.762714,4.348357,-0.020922,0.020464,-0.016341,32.52,64.3083355943531
36542,-8.210373,-3.75733,4.357928,-0.021228,0.020922,-0.01741,32.52,64.2359779117089
36552,-8.21157,-3.754937,4.356732,-0.021686,0.020464,-0.017715,32.51,64.2423647187234
36562,-8.21157,-3.753142,4.356134,-0.022907,0.019548,-0.020159,32.51,64.243589324086
36572,-8.203195,-3.753142,4.35733,-0.022755,0.018479,-0.021533,32.55,64.218500154931
36582,-8.206783,-3.749553,4.343571,-0.022907,0.017257,-0.021686,32.55,64.2937949554805
36592,-8.204391,-3.752544,4.345366,-0.022144,0.016341,-0.022297,32.49,64.2822280371473
36602,-8.20798,-3.753142,4.345366,-0.021228,0.01573,-0.02138,32.49,64.290946561955
36612,-8.207382,-3.739383,4.345366,-0.021686,0.013897,-0.021075,32.54,64.2754120975358
36622,-8.196614,-3.746562,4.338786,-0.021533,0.011606,-0.02138,32.54,64.2924223286137
36632,-8.2014,-3.745365,4.334,-0.020464,0.010079,-0.020464,32.5,64.3267000970955
36642,-8.199007,-3.754339,4.333402,-0.01909,0.007941,-0.019395,32.5,64.3336465733316
36652,-8.203195,-3.738786,4.328616,-0.018937,0.006109,-0.019242,32.53,64.3517771319079
36662,-8.203195,-3.739982,4.329813,-0.018479,0.003054,-0.018631,32.53,64.3468255448301
36672,-8.203195,-3.739982,4.332804,-0.015577,-0.001222,-0.014966,32.49,64.3313816652295
36682,-8.20798,-3.754339,4.33041,-0.014203,-0.002902,-0.012828,32.54,64.3693072336842
36692,-8.194221,-3.753142,4.331009,-0.012065,-0.005803,-0.010996,32.54,64.3339691334036
36702,-8.200203,-3.747759,4.332206,-0.010843,-0.007178,-0.009468,32.53,64.3357284283923
36712,-8.204989,-3.747759,4.334,-0.010232,-0.009621,-0.007789,32.53,64.3372646165993
36722,-8.199007,-3.748357,4.331009,-0.008552,-0.012523,-0.006109,32.49,64.3398271958756
36732,-8.197212,-3.748955,4.345366,-0.007483,-0.014203,-0.005345,32.49,64.2622977913724
36742,-8.197212,-3.74716,4.34417,-0.005651,-0.014966,-0.002749,32.49,64.266611081029
36752,-8.19781,-3.749553,4.342375,-0.004887,-0.015882,-0.00168,32.49,64.27969633101
36762,-8.190034,-3.756134,4.347161,-0.003818,-0.016952,-0.001374,32.48,64.244241034468
36772,-8.195418,-3.745365,4.353741,-0.003054,-0.017715,-0.000153,32.48,64.2113373613062
36782,-8.187043,-3.748955,4.354339,-0.002596,-0.018631,0.001374,32.51,64.1929948487357
36792,-8.191828,-3.754339,4.349553,-0.002443,-0.019242,0.001374,32.51,64.2341011915392
36802,-8.191828,-3.762115,4.354938,-0.001527,-0.017715,0.003207,32.49,64.214412947763
36812,-8.182856,-3.763312,4.357928,-0.001069,-0.018021,0.00336,32.49,64.1799339564092
36822,-8.185248,-3.760919,4.366303,-0.000764,-0.017562,0.004581,32.5,64.1397103755418
36832,-8.200802,-3.762714,4.361517,-0.000305,-0.016952,0.00504,32.5,64.2014497187916
36842,-8.187043,-3.760919,4.365705,-0.000305,-0.014813,0.004429,32.46,64.1468615814488
36852,-8.181659,-3.768098,4.376472,-0.000153,-0.013897,0.004581,32.49,64.0867074654229
36862,-8.178668,-3.775276,4.373481,0.000458,-0.012065,0.004581,32.49,64.1028242738182
36872,-8.18764,-3.778267,4.374678,-0.000305,-0.01069,0.004734,32.48,64.1201376758449
36882,-8.18764,-3.77049,4.371687,-0.001069,-0.008858,0.003054,32.48,64.1274005715432
36892,-8.196614,-3.768098,4.372285,-0.001527,-0.005956,0.002902,32.53,64.1421640044864
36902,-8.188239,-3.769892,4.387838,-0.001833,-0.003665,0.002749,32.53,64.0450832410368
36912,-8.179864,-3.778267,4.384848,-0.002291,-0.001069,0.001527,32.52,64.0501997237456
36922,-8.18764,-3.765705,4.377071,-0.003054,0.001069,0.000764,32.52,64.0947044599343
36932,-8.194819,-3.775874,4.377669,-0.004276,0.00336,-0.000916,32.49,64.1185218115795
36942,-8.196015,-3.773481,4.38066,-0.005345,0.005956,-0.001833,32.49,64.1033623650776
36952,-8.184649,-3.771089,4.373481,-0.00672,0.007941,-0.00336,32.53,64.1120122533315
36962,-8.199606,-3.772285,4.374678,-0.007941,0.010232,-0.003665,32.53,64.1409937866781
36972,-8.18764,-3.780062,4.37408,-0.008094,0.012523,-0.003665,32.54,64.1250902830749
36982,-8.19781,-3.768098,4.37408,-0.009621,0.01405,-0.005956,32.54,64.1356420628784
36992,-8.196614,-3.774678,4.365107,-0.011148,0.01573,-0.00672,32.5,64.1859397568572
37002,-8.198408,-3.765705,4.369295,-0.012217,0.01741,-0.006567,32.5,64.1591158261379
37012,-8.195418,-3.771089,4.365107,-0.012981,0.018479,-0.00733,32.52,64.1794990327558
37022,-8.195418,-3.761517,4.356134,-0.016341,0.019395,-0.007941,32.5,64.2157505014473
37032,-8.194819,-3.765705,4.366901,-0.016493,0.019853,-0.008399,32.5,64.1633077514955
37042,-8.202596,-3.758526,4.360321,-0.017257,0.0197,-0.008705,32.47,64.2073207264277
37052,-8.199606,-3.750151,4.360919,-0.018326,0.01909,-0.008552,32.47,64.1887964098296
37062,-8.206185,-3.754339,4.356732,-0.0197,0.018479,-0.009468,32.51,64.2295789850736
37072,-8.206185,-3.752544,4.36391,-0.020159,0.017715,-0.009927,32.51,64.1907730157387
37082,-8.202596,-3.754339,4.348357,-0.0197,0.017257,-0.010537,32.5,64.2646121559552
37092,-8.207382,-3.754339,4.347161,-0.020769,0.016493,-0.009163,32.5,64.28158233833
37102,-8.207382,-3.75733,4.347161,-0.020769,0.014813,-0.009316,32.51,64.2846710402687
37112,-8.212168,-3.748357,4.344768,-0.021075,0.013897,-0.009316,32.51,64.2985457398646
37122,-8.200802,-3.748955,4.345964,-0.021686,0.012065,-0.010232,32.51,64.2673298128303
37132,-8.203195,-3.751348,4.34417,-0.02138,0.01069,-0.009621,32.51,64.2844582190114
37142,-8.215756,-3.754937,4.349553,-0.021075,0.009163,-0.010232,32.51,64.288769734491
37152,-8.215756,-3.754339,4.345964,-0.021075,0.007178,-0.010232,32.51,64.3066364660007
37162,-8.214561,-3.746562,4.341777,-0.019853,0.00504,-0.010232,32.52,64.3175109535749
37172,-8.20798,-3.753142,4.344768,-0.01909,0.003512,-0.008858,32.52,64.294028533273
37182,-8.21157,-3.747759,4.336392,-0.018937,0.001527,-0.008552,32.46,64.3397623641384
37192,-8.207382,-3.748955,4.338188,-0.017104,-0.001374,-0.008705,32.46,64.3222877733527
37202,-8.204989,-3.74058,4.332206,-0.015882,-0.003971,-0.008705,32.49,64.3391336075009
37212,-8.2014,-3.74716,4.34058,-0.01573,-0.005192,-0.007483,32.48,64.2945958413926
37222,-8.212766,-3.738187,4.343571,-0.014813,-0.00733,-0.007636,32.48,64.29560088066
37232,-8.197212,-3.750151,4.351946,-0.013897,-0.009621,-0.006567,32.5,64.2296074422787
37242,-8.209774,-3.745964,4.345964,-0.012828,-0.01069,-0.006567,32.5,64.2845131396604
37252,-8.191828,-3.739982,4.344768,-0.011301,-0.011912,-0.006567,32.51,64.243918607573
37262,-8.193623,-3.742374,4.343571,-0.009927,-0.012675,-0.006109,32.51,64.256634165571
37272,-8.193025,-3.745964,4.344768,-0.009927,-0.013744,-0.005803,32.49,64.2528169866349
37282,-8.196015,-3.746562,4.341179,-0.008858,-0.014355,-0.004429,32.49,64.2787184901509
37292,-8.184052,-3.75075,4.345964,-0.00733,-0.014355,-0.003512,32.5,64.2312889357179
37302,-8.195418,-3.753741,4.346562,-0.006109,-0.014661,-0.002902,32.5,64.2570259634529
37312,-8.183454,-3.75075,4.354339,-0.005498,-0.015272,-0.002443,32.47,64.1867208448434
37322,-8.185846,-3.755535,4.35075,-0.00504,-0.015424,-0.002291,32.47,64.2156271713351
37332,-8.194221,-3.756134,4.354938,-0.005192,-0.015272,-0.001222,32.5,64.213618228093
37342,-8.178668,-3.745964,4.356134,-0.004276,-0.015272,-0.000611,32.5,64.1616207448483
37352,-8.182258,-3.767499,4.35733,-0.003207,-0.014203,0.000458,32.48,64.1860264937467
37364,-8.195418,-3.754339,4.356732,-0.002749,-0.012828,0.000764,32.53,64.2052214872731
37372,-8.185248,-3.765705,4.372883,-0.002749,-0.012217,0.000611,32.53,64.1108248998177
37382,-8.193025,-3.764508,4.362116,-0.002138,-0.010537,0.002291,32.51,64.1826334612415
37392,-8.19123,-3.75733,4.362714,-0.003054,-0.009468,0.003054,32.51,64.1680238372076
37402,-8.193623,-3.755535,4.370491,-0.003971,-0.008094,0.001985,32.48,64.1315423221548
37412,-8.191828,-3.768098,4.377669,-0.004276,-0.006567,0.003054,32.48,64.1036287580146
37422,-8.183454,-3.760919,4.372883,-0.004581,-0.004734,0.003054,32.51,64.1017558768996
37432,-8.188239,-3.757928,4.375276,-0.005498,-0.003512,0.001985,32.51,64.0971870833127
37442,-8.186445,-3.776472,4.371089,-0.006109,-0.001222,0.003207,32.5,64.1340177763725
37452,-8.18764,-3.771687,4.369893,-0.007483,0.000153,0.001985,32.5,64.137882351913
37462,-8.199007,-3.766901,4.372883,-0.007025,0.001985,0.001833,32.53,64.1432622733104
37472,-8.197212,-3.766901,4.377071,-0.008552,0.003818,0.002138,32.53,64.1176627176369
37482,-8.200203,-3.766901,4.360919,-0.009468,0.00504,0.000764,32.5,64.2075194928359
37492,-8.194221,-3.772285,4.376472,-0.010843,0.006109,-0.000305,32.5,64.1195760067806
37502,-8.193623,-3.77049,4.374678,-0.010996,0.008247,-0.000764,32.54,64.1255737935999
37512,-8.199007,-3.776472,4.37408,-0.01237,0.009774,-0.000916,32.54,64.1470737506121
37522,-8.18764,-3.77049,4.365107,-0.013592,0.010996,-0.002596,32.49,64.1612701802344
37532,-8.195418,-3.762714,4.369893,-0.014661,0.01237,-0.005345,32.49,64.1461561799052
37542,-8.203195,-3.762714,4.365107,-0.017257,0.013439,-0.005651,32.52,64.1883871858437
37552,-8.206783,-3.765106,4.368696,-0.018173,0.013897,-0.007636,32.48,64.1805234452961
37562,-8.196614,-3.767499,4.366901,-0.017868,0.015272,-0.00733,32.48,64.1692377146915
37572,-8.201998,-3.755535,4.368696,-0.018937,0.016341,-0.008552,32.51,64.1597652119238
37582,-8.201998,-3.766303,4.36391,-0.0197,0.015424,-0.010385,32.51,64.1955638933835
37592,-8.20798,-3.762714,4.358526,-0.020617,0.015272,-0.012065,32.5,64.2330651963751
37602,-8.202596,-3.764508,4.354938,-0.02138,0.015424,-0.012981,32.5,64.2412357094712
37612,-8.204391,-3.756732,4.354339,-0.022144,0.014966,-0.012675,32.48,64.2403228852494
37622,-8.201998,-3.757928,4.356134,-0.021686,0.014966,-0.014355,32.48,64.2269078652281
37632,-8.200802,-3.75733,4.355535,-0.022602,0.014355,-0.013439,32.47,64.2266695649007
37642,-8.210971,-3.756732,4.349553,-0.023366,0.013744,-0.013744,32.47,64.2798286606052
37652,-8.196614,-3.764508,4.354938,-0.022755,0.011912,-0.015882,32.49,64.2277208323623
37662,-8.21157,-3.751348,4.343571,-0.022449,0.011454,-0.015119,32.49,64.3064464317512
37672,-8.217552,-3.75733,4.342973,-0.020922,0.01069,-0.013897,32.47,64.3291686027135
37682,-8.209774,-3.761517,4.338188,-0.021533,0.008399,-0.015119,32.47,64.3406285127987
37692,-8.212168,-3.747759,4.332804,-0.020617,0.006261,-0.014966,32.52,64.3596167596587
37702,-8.212168,-3.756732,4.34058,-0.019853,0.003971,-0.013592,32.52,64.3287569463274
37712,-8.205587,-3.753741,4.335197,-0.018479,0.000764,-0.013134,32.49,64.3386018170228
37722,-8.207382,-3.761517,4.336991,-0.017104,-0.001374,-0.012217,32.5,64.3414141002617
37732,-8.209774,-3.750151,4.337589,-0.016188,-0.003818,-0.012065,32.5,64.3320027411181
37742,-8.194819,-3.753741,4.345366,-0.015272,-0.005803,-0.011759,32.54,64.2618401148403
37752,-8.199007,-3.751946,4.342973,-0.013744,-0.007789,-0.009774,32.54,64.2817898185107
37762,-8.206185,-3.754937,4.333402,-0.012217,-0.010232,-0.009927,32.52,64.3504429107603
37772,-8.210373,-3.755535,4.335197,-0.011606,-0.012065,-0.008399,32.52,64.3512328648972
37782,-8.195418,-3.750151,4.338786,-0.010996,-0.013439,-0.008094,32.47,64.2934287318538
37792,-8.193623,-3.75733,4.345964,-0.009927,-0.014813,-0.007483,32.47,64.2597705501012
37802,-8.203195,-3.749553,4.338786,-0.008858,-0.015577,-0.006261,32.49,64.3103726744055
37812,-8.204989,-3.758526,4.348955,-0.00733,-0.017104,-0.004734,32.49,64.2712634134606
37822,-8.18764,-3.749553,4.341179,-0.007025,-0.017104,-0.003665,32.51,64.2628710641494
37832,-8.189436,-3.756134,4.35075,-0.005498,-0.017562,-0.003207,32.51,64.2243775338178
37842,-8.190632,-3.756732,4.350152,-0.004123,-0.017257,-0.000305,32.54,64.2307886350056
37852,-8.191828,-3.749553,4.359125,-0.002749,-0.016952,0.001069,32.54,64.1797920286577
37862,-8.179267,-3.760919,4.359723,-0.002749,-0.016493,0.001527,32.51,64.1600491265062
37872,-8.193025,-3.759723,4.359125,-0.002443,-0.016188,0.002596,32.51,64.193063992177
37882,-8.179267,-3.759125,4.366901,-0.001222,-0.013439,0.00504,32.51,64.1211826860368
37892,-8.182258,-3.766303,4.362116,0.000153,-0.012828,0.006414,32.51,64.1601142661985
37902,-8.177471,-3.760321,4.368696,0.000305,-0.011606,0.006567,32.51,64.1091037195954
37912,-8.183454,-3.766901,4.366901,0.000764,-0.009927,0.008705,32.49,64.1388012733187
37922,-8.182856,-3.753741,4.362714,0.000153,-0.008552,0.008094,32.49,64.1452949876045
37932,-8.176275,-3.761517,4.379463,0.001069,-0.006872,0.009163,32.5,64.0521885088359
37942,-8.181061,-3.766901,4.380062,0,-0.004429,0.009468,32.5,64.0656247349961
37952,-8.179267,-3.76391,4.375875,0,-0.001833,0.009621,32.5,64.0799657680119
37962,-8.187043,-3.761517,4.381258,-0.001069,0.000764,0.009621,32.5,64.0674395976973
37972,-8.189436,-3.761517,4.375875,-0.00168,0.002749,0.009927,32.48,64.1005646677018
37982,-8.186445,-3.760919,4.38425,-0.002902,0.005498,0.009163,32.48,64.0500690805767
37992,-8.203195,-3.768696,4.37408,-0.003665,0.007483,0.008705,32.52,64.1484561962042
38002,-8.181061,-3.760321,4.380062,-0.003971,0.009621,0.009163,32.52,64.0587425608975
38012,-8.199007,-3.756732,4.381856,-0.005651,0.011912,0.008094,32.47,64.086553404862
38022,-8.198408,-3.756134,4.369893,-0.007178,0.013439,0.006414,32.47,64.1460930746977
38032,-8.214561,-3.766901,4.378268,-0.008247,0.015424,0.004581,32.49,64.1507889633514
38042,-8.206783,-3.753741,4.364508,-0.009316,0.017104,0.00336,32.49,64.1902881516653
38052,-8.209774,-3.758526,4.367499,-0.011454,0.017257,0.000458,32.48,64.1866229911549
38062,-8.205587,-3.768098,4.369295,-0.014203,0.018173,-0.001222,32.5,64.1778444891728
38072,-8.210373,-3.756134,4.364508,-0.015424,0.018784,-0.00336,32.5,64.2008851973873
38082,-8.221141,-3.756732,4.371687,-0.016799,0.018326,-0.00504,32.53,64.1889406240379
38092,-8.212168,-3.759723,4.363312,-0.018173,0.018326,-0.007636,32.53,64.2148064579545
38102,-8.222337,-3.762115,4.358526,-0.019242,0.017562,-0.009468,32.52,64.2648356249019
38112,-8.200802,-3.759723,4.353143,-0.020006,0.017257,-0.011454,32.52,64.2414701700977
38122,-8.215158,-3.748357,4.357928,-0.021533,0.015272,-0.012675,32.56,64.2375249196066
38132,-8.213962,-3.754339,4.347161,-0.02306,0.014355,-0.01405,32.56,64.2964266021443
38142,-8.218747,-3.752544,4.35075,-0.023671,0.013286,-0.01573,32.51,64.2868866648532
38152,-8.226524,-3.744768,4.351946,-0.024435,0.011759,-0.016646,32.51,64.2902741141462
38162,-8.209774,-3.745964,4.353143,-0.024435,0.010079,-0.018173,32.5,64.2475249534709
38172,-8.230114,-3.760919,4.349553,-0.024587,0.007636,-0.01909,32.5,64.3272575486953
38182,-8.214561,-3.748955,4.345964,-0.025045,0.005956,-0.020922,32.54,64.2983977747893
38192,-8.203793,-3.75075,4.346562,-0.024893,0.004429,-0.021228,32.54,64.2728594946132
38202,-8.219346,-3.748357,4.349553,-0.025045,0.002291,-0.021228,32.52,64.2900912320341
38212,-8.214561,-3.749553,4.343571,-0.023976,0.000153,-0.020769,32.52,64.3113429703916
38222,-8.199606,-3.74058,4.34058,-0.023671,-0.001222,-0.021075,32.53,64.283752427696
38232,-8.195418,-3.743571,4.34058,-0.022449,-0.00504,-0.020159,32.48,64.2773692454825
38242,-8.206185,-3.748357,4.336991,-0.021838,-0.007178,-0.019548,32.48,64.3251459574958
38252,-8.196614,-3.731009,4.337589,-0.020922,-0.009621,-0.019395,32.47,64.2825559227719
38262,-8.193025,-3.74058,4.341179,-0.020159,-0.011148,-0.018326,32.47,64.2657725044442
38272,-8.194221,-3.74716,4.342375,-0.018937,-0.012065,-0.016799,32.44,64.2691082142169
38282,-8.193025,-3.754937,4.341179,-0.017715,-0.013134,-0.014813,32.44,64.2806246543834
38292,-8.19123,-3.761517,4.339982,-0.016493,-0.013897,-0.012981,32.46,64.2895652924252
38302,-8.19123,-3.748955,4.334598,-0.014813,-0.015119,-0.011759,32.46,64.3043513510737
38312,-8.182856,-3.748955,4.331607,-0.013592,-0.016035,-0.010079,32.52,64.3008752397365
38322,-8.181659,-3.745964,4.34417,-0.012217,-0.016493,-0.009468,32.52,64.2301608364356
38332,-8.194221,-3.756134,4.353741,-0.011454,-0.016646,-0.005956,32.53,64.2197871590711
38342,-8.180463,-3.762714,4.353143,-0.009927,-0.016952,-0.00504,32.53,64.1985613887132
38352,-8.182258,-3.753741,4.350152,-0.008705,-0.017257,-0.003054,32.47,64.2087188827495
38362,-8.177471,-3.75733,4.349553,-0.007483,-0.016646,-0.001374,32.47,64.2046951308445
38372,-8.181061,-3.756134,4.347161,-0.006414,-0.015424,0.001069,32.49,64.2239300708869
38382,-8.179864,-3.764508,4.359723,-0.004734,-0.015119,0.002596,32.49,64.1651469864679
38392,-8.179864,-3.765705,4.362116,-0.004123,-0.013439,0.003512,32.5,64.1540626808708
38402,-8.184649,-3.765705,4.365107,-0.003665,-0.012065,0.005956,32.5,64.1495022615794
38412,-8.182258,-3.762714,4.359723,-0.002291,-0.010232,0.00672,32.5,64.1687032241263
38422,-8.179267,-3.760321,4.370491,-0.001374,-0.008858,0.008094,32.48,64.1039375799078
38432,-8.181659,-3.761517,4.35733,-0.001069,-0.00672,0.008399,32.48,64.1784334177539
38442,-8.191828,-3.77049,4.361517,-0.001069,-0.006109,0.008858,32.54,64.1892344247363
38452,-8.175079,-3.765106,4.37408,-0.001069,-0.003971,0.008552,32.54,64.0809400521305
38462,-8.194221,-3.765705,4.37408,-0.001527,-0.001833,0.008858,32.48,64.1250175903507
38472,-8.182856,-3.765705,4.371089,-0.002291,0.000153,0.008094,32.48,64.114631258812
38482,-8.194819,-3.765705,4.379463,-0.003054,0.00168,0.00672,32.48,64.0986936667638
38492,-8.179864,-3.764508,4.369893,-0.003512,0.002902,0.006567,32.48,64.1127475399863
38502,-8.202596,-3.760321,4.388436,-0.004123,0.005345,0.006109,32.5,64.0646313897409
38512,-8.188239,-3.76391,4.375875,-0.004276,0.006872,0.005803,32.5,64.1003434990861
38522,-8.196015,-3.76391,4.377669,-0.005498,0.008247,0.004581,32.47,64.1087592887342
38532,-8.190632,-3.767499,4.374678,-0.007025,0.010232,0.00336,32.47,64.1156745786593
38542,-8.197212,-3.767499,4.377669,-0.007483,0.01237,0.002749,32.48,64.1152114355217
38552,-8.201998,-3.76391,4.378268,-0.009316,0.013592,0.001833,32.48,64.1192437720358
38562,-8.204989,-3.766901,4.369893,-0.010232,0.015272,0.000764,32.51,64.1721746925074
38572,-8.204391,-3.765705,4.363312,-0.011301,0.015882,-0.000764,32.51,64.2034294657218
38582,-8.195418,-3.764508,4.366303,-0.014661,0.018021,-0.001985,32.53,64.1664964737829
38592,-8.2014,-3.754937,4.354339,-0.015424,0.018479,-0.002291,32.47,64.2317043467174
38602,-8.205587,-3.758526,4.36391,-0.01573,0.018937,-0.003512,32.47,64.1956143686964
38612,-8.203793,-3.758526,4.359723,-0.016646,0.018937,-0.003971,32.5,64.2131060248598
38622,-8.216953,-3.75075,4.35733,-0.01741,0.018937,-0.004734,32.5,64.2471240081152
38632,-8.213365,-3.75075,4.354339,-0.018326,0.018479,-0.004887,32.5,64.2544159636789
38642,-8.204989,-3.754339,4.360321,-0.01909,0.017562,-0.005956,32.5,64.2083969536939
38652,-8.215158,-3.765106,4.346562,-0.019395,0.016952,-0.006261,32.5,64.3133095888616
38662,-8.213365,-3.755535,4.344768,-0.020464,0.015424,-0.00733,32.5,64.3086403804232
38672,-8.213962,-3.749553,4.351348,-0.021228,0.013744,-0.007941,32.52,64.269930400427
38682,-8.212168,-3.757928,4.34058,-0.022297,0.01237,-0.007483,32.52,64.3299895549218
38692,-8.222337,-3.754339,4.339982,-0.022449,0.010537,-0.008094,32.48,64.3522694590153
38702,-8.216354,-3.742973,4.341179,-0.02306,0.007789,-0.008552,32.48,64.3209473814109
38712,-8.200802,-3.74716,4.34417,-0.023366,0.005956,-0.008094,32.5,64.2747270458101
38722,-8.212766,-3.745964,4.342375,-0.023213,0.003207,-0.008399,32.5,64.309764751981
38732,-8.20798,-3.754339,4.336991,-0.023518,0.000305,-0.009316,32.5,64.3353578801253
38742,-8.199007,-3.749553,4.333402,-0.022907,-0.001069,-0.008858,32.5,64.3287058602274
38752,-8.213365,-3.745964,4.348357,-0.022449,-0.005803,-0.009927,32.49,64.2802909132026
38762,-8.219944,-3.727419,4.334,-0.022602,-0.008094,-0.010079,32.48,64.3501175091777
38772,-8.208578,-3.736991,4.345366,-0.022297,-0.010079,-0.010385,32.48,64.2756530916977
38782,-8.2014,-3.747759,4.334,-0.021533,-0.011912,-0.010079,32.46,64.3291681972729
38792,-8.197212,-3.752544,4.336991,-0.020769,-0.013897,-0.010843,32.46,64.3092178943032
38802,-8.199606,-3.745964,4.345366,-0.019853,-0.015577,-0.010079,32.5,64.2646196637461
38812,-8.199606,-3.744768,4.337589,-0.018937,-0.017104,-0.009927,32.5,64.3035085869964
38822,-8.201998,-3.750151,4.341777,-0.017868,-0.018937,-0.009316,32.48,64.2928594600694
38832,-8.197212,-3.741179,4.34417,-0.017562,-0.01909,-0.008858,32.48,64.2604312427156
38842,-8.196614,-3.745964,4.362714,-0.016493,-0.0197,-0.009163,32.48,64.1684319049571
38852,-8.190632,-3.749553,4.342973,-0.015882,-0.020311,-0.008858,32.48,64.2603804279458
38863,-8.190034,-3.745365,4.345964,-0.01573,-0.021075,-0.008247,32.5,64.23925401414
38872,-8.181659,-3.741179,4.351348,-0.014966,-0.021075,-0.007483,32.5,64.1881375230748
38882,-8.190034,-3.743571,4.354339,-0.014966,-0.021075,-0.006872,32.51,64.1941917410062
38892,-8.184649,-3.745365,4.354938,-0.013592,-0.020922,-0.006414,32.51,64.1807473023513
38902,-8.189436,-3.748357,4.360919,-0.012217,-0.0197,-0.005498,32.47,64.1638801766062
38912,-8.184052,-3.75075,4.365705,-0.011912,-0.01909,-0.003971,32.47,64.1294831712553
38922,-8.169096,-3.765106,4.362116,-0.011606,-0.016493,-0.002902,32.49,64.1289995105199
38932,-8.181061,-3.773481,4.36391,-0.009774,-0.014355,-0.001527,32.51,64.1556545169291
38942,-8.164311,-3.768696,4.375875,-0.009468,-0.013592,0.000916,32.51,64.0509660853766
38952,-8.17807,-3.759723,4.367499,-0.00901,-0.011148,0.000764,32.52,64.1160070804009
38962,-8.163115,-3.759125,4.37408,-0.009316,-0.009316,0.001527,32.52,64.0474422694134
38972,-8.175079,-3.756732,4.381258,-0.008858,-0.007025,0.003054,32.52,64.0352170710222
38982,-8.175079,-3.760919,4.370491,-0.008399,-0.003971,0.005345,32.52,64.0950450917997
38992,-8.169096,-3.756134,4.372883,-0.009163,-0.002596,0.005498,32.51,64.0641006236418
39002,-8.176873,-3.771089,4.37408,-0.009774,-0.001222,0.007025,32.51,64.0912810006565
39012,-8.175676,-3.759723,4.380062,-0.009774,0.000764,0.00733,32.46,64.0458638876591
39022,-8.181061,-3.784249,4.365705,-0.010079,0.003207,0.008094,32.46,64.1576733925544
39032,-8.182856,-3.774678,4.373481,-0.010843,0.004887,0.009163,32.53,64.1116983717588
39042,-8.166704,-3.762115,4.372883,-0.011301,0.007789,0.009316,32.53,64.0649217159205
39052,-8.187043,-3.771089,4.36391,-0.01237,0.008858,0.009621,32.49,64.1667065145143
39062,-8.177471,-3.766901,4.371687,-0.014203,0.009621,0.009163,32.49,64.1005766689489
39072,-8.184649,-3.776472,4.368696,-0.014661,0.011454,0.009316,32.46,64.1422648144598
39082,-8.193623,-3.774678,4.361517,-0.016493,0.012523,0.008094,32.46,64.19765461218
39092,-8.208578,-3.768098,4.365107,-0.016646,0.01405,0.007483,32.49,64.2061383064932
39102,-8.202596,-3.772883,4.371089,-0.018479,0.016341,0.006109,32.5,64.1668305454853
39112,-8.204989,-3.772285,4.367499,-0.0197,0.01573,0.004887,32.5,64.1900757508633
39122,-8.212766,-3.771687,4.368696,-0.020464,0.015882,0.003818,32.48,64.2008661881027
39132,-8.20798,-3.771089,4.36391,-0.022144,0.016035,0.002138,32.48,64.2140454136608
39142,-8.219346,-3.775276,4.356134,-0.022755,0.01573,0.000611,32.53,64.2839867676749
39152,-8.216354,-3.764508,4.354938,-0.024129,0.015577,-0.000458,32.53,64.2722749941057
39162,-8.227122,-3.764508,4.358526,-0.025198,0.01573,-0.001374,32.5,64.2780812759748
39172,-8.208578,-3.764508,4.362116,-0.025504,0.014508,-0.003512,32.5,64.2178017067203
39182,-8.212766,-3.75733,4.350152,-0.026267,0.013592,-0.005192,32.49,64.2814100763858
39192,-8.213962,-3.756134,4.351348,-0.027184,0.012675,-0.006109,32.49,64.2767156816584
39202,-8.204989,-3.753142,4.347161,-0.027336,0.011912,-0.007025,32.47,64.2749438508827
39212,-8.215158,-3.756732,4.347161,-0.028711,0.009468,-0.008858,32.47,64.3015892329677
39222,-8.222337,-3.755535,4.34058,-0.028558,0.007941,-0.010385,32.5,64.3504179734959
39232,-8.215158,-3.757928,4.352544,-0.028558,0.006261,-0.010843,32.5,64.2751069394269
39242,-8.213365,-3.752544,4.345366,-0.029169,0.004276,-0.011759,32.51,64.3024774408942
39252,-8.203793,-3.756134,4.335197,-0.028253,0.001374,-0.012675,32.51,64.3370267704284
39262,-8.207382,-3.754937,4.335197,-0.029322,-0.000916,-0.013134,32.48,64.3438797004524
39272,-8.20798,-3.749553,4.335794,-0.028253,-0.00504,-0.013744,32.5,64.3366007017095
39282,-8.205587,-3.759125,4.336991,-0.027184,-0.007178,-0.013286,32.5,64.334902351259
39292,-8.217552,-3.759723,4.336991,-0.027336,-0.009774,-0.01237,32.53,64.3624518122488
39302,-8.206783,-3.749553,4.343571,-0.026725,-0.011454,-0.012065,32.53,64.2937949554805
39312,-8.205587,-3.751348,4.333402,-0.025656,-0.013439,-0.011912,32.5,64.3453964721874
39322,-8.188837,-3.756732,4.334598,-0.025198,-0.015424,-0.011301,32.5,64.3069956313857
39332,-8.199606,-3.748357,4.345366,-0.024282,-0.017257,-0.01069,32.49,64.2670921565807
39342,-8.205587,-3.754339,4.339384,-0.022907,-0.019548,-0.009927,32.49,64.3176224289531
39352,-8.193025,-3.755535,4.335794,-0.021533,-0.021075,-0.007636,32.49,64.3090371973922
39365,-8.196015,-3.75733,4.339384,-0.020159,-0.022297,-0.00672,32.49,64.2991165897468
39372,-8.192427,-3.754339,4.347759,-0.0197,-0.02306,-0.005651,32.48,64.2447083061772
39382,-8.183454,-3.754937,4.343571,-0.017868,-0.023976,-0.004276,32.48,64.2466346538514
39392,-8.192427,-3.752544,4.338188,-0.017104,-0.025504,-0.002749,32.5,64.2922328707879
39402,-8.181659,-3.749553,4.347161,-0.015577,-0.025045,-0.001374,32.5,64.2184450918272
39412,-8.18764,-3.754339,4.351348,-0.012981,-0.02474,0.000458,32.5,64.2153634835936
39422,-8.180463,-3.751946,4.355535,-0.013134,-0.025045,0.003207,32.5,64.1750105230043
39432,-8.184052,-3.759125,4.361517,-0.012217,-0.024893,0.003818,32.52,64.1597851574747
39442,-8.181061,-3.748955,4.362714,-0.010996,-0.021686,0.00733,32.52,64.1362349437121
39452,-8.176873,-3.762115,4.373481,-0.009927,-0.020464,0.008399,32.48,64.0849730176133
39462,-8.175079,-3.755535,4.368696,-0.009774,-0.018937,0.008705,32.52,64.0986666903879
39472,-8.172088,-3.760919,4.368098,-0.009621,-0.016035,0.01069,32.52,64.100576667067
39482,-8.168499,-3.754937,4.371089,-0.008858,-0.014813,0.012065,32.47,64.0707343230336
39492,-8.175676,-3.752544,4.375276,-0.008247,-0.011759,0.012828,32.47,64.062999025103
39502,-8.176275,-3.759723,4.373481,-0.008094,-0.009621,0.013134,32.48,64.0811118678996
39512,-8.177471,-3.754937,4.372285,-0.008399,-0.005803,0.014813,32.48,64.0849905506462
39522,-8.169096,-3.759723,4.365705,-0.008858,-0.003818,0.014813,32.52,64.1048585170381
39532,-8.178668,-3.748357,4.375875,-0.009163,-0.001069,0.015119,32.52,64.062354023274
39542,-8.178668,-3.762714,4.382454,-0.009468,0.001069,0.015424,32.48,64.0434942759335
39552,-8.190034,-3.764508,4.383651,-0.009774,0.003665,0.016035,32.48,64.0650538484337
39562,-8.186445,-3.768098,4.373481,-0.010996,0.006414,0.01405,32.48,64.1129617599497
39572,-8.193025,-3.766901,4.377669,-0.011606,0.007789,0.013897,32.48,64.1050951188964
39582,-8.193025,-3.762714,4.378866,-0.012523,0.009468,0.012675,32.48,64.0945749716569
39592,-8.186445,-3.762714,4.382454,-0.013439,0.011912,0.012828,32.48,64.0611798188859
39602,-8.191828,-3.762714,4.387838,-0.013897,0.01405,0.010996,32.5,64.0457379095588
39612,-8.196614,-3.764508,4.374678,-0.015424,0.017104,0.009468,32.5,64.1261197878312
39622,-8.202596,-3.763312,4.365107,-0.018173,0.017562,0.00733,32.51,64.1876528141093
39632,-8.204391,-3.760321,4.362116,-0.019395,0.018784,0.006872,32.47,64.2040011720285
39642,-8.213962,-3.759125,4.368098,-0.020617,0.019395,0.005498,32.47,64.1936322516916
39652,-8.204391,-3.754339,4.364508,-0.022755,0.019242,0.003054,32.49,64.1854935750534
39662,-8.219944,-3.764508,4.366303,-0.024129,0.018479,0,32.49,64.2219332324166
39672,-8.217552,-3.75733,4.360919,-0.025198,0.018326,-0.000611,32.5,64.2368002615709
39682,-8.218149,-3.753142,4.355535,-0.027031,0.018326,-0.002138,32.5,64.2615259775101
39692,-8.22772,-3.754937,4.363312,-0.027489,0.017562,-0.004581,32.5,64.2449748843105
39702,-8.219944,-3.753142,4.350152,-0.029322,0.016341,-0.005803,32.5,64.2932794529488
39712,-8.222935,-3.760919,4.356134,-0.031154,0.014203,-0.007789,32.51,64.2772508082375
39722,-8.221739,-3.745964,4.348955,-0.031154,0.012981,-0.009774,32.51,64.2961072003835
39732,-8.218747,-3.753142,4.356134,-0.032376,0.010996,-0.010996,32.51,64.2597932006735
39742,-8.219346,-3.759125,4.345964,-0.032529,0.008705,-0.011606,32.51,64.319652597657
39752,-8.22473,-3.759723,4.347161,-0.03375,0.005345,-0.013439,32.46,64.326224266103
39762,-8.220542,-3.752544,4.345964,-0.03375,0.003054,-0.014661,32.46,64.3155739349659
39772,-8.216354,-3.750151,4.334,-0.034208,0.000611,-0.015882,32.46,64.3653326990019
39782,-8.222337,-3.753741,4.334,-0.03375,-0.002596,-0.014813,32.46,64.3824783270344
39792,-8.212766,-3.753741,4.334,-0.03375,-0.007941,-0.015424,32.48,64.3609468983663
39802,-8.203793,-3.74716,4.334598,-0.032681,-0.009927,-0.016035,32.49,64.3308636027636
39812,-8.203195,-3.756732,4.342375,-0.03207,-0.012981,-0.015119,32.49,64.2992747407641
39822,-8.206783,-3.761517,4.338188,-0.031612,-0.014813,-0.014813,32.49,64.3338931657809
39832,-8.204391,-3.753142,4.338188,-0.031307,-0.017257,-0.014813,32.49,64.3198584881673
39842,-8.209774,-3.756732,4.341179,-0.030238,-0.018784,-0.013744,32.5,64.320275478408
39852,-8.198408,-3.762115,4.345964,-0.029322,-0.020617,-0.011759,32.5,64.2755371258136
39862,-8.194819,-3.758526,4.338188,-0.028863,-0.022297,-0.011606,32.51,64.3038261941678
39872,-8.201998,-3.75733,4.346562,-0.027794,-0.023366,-0.010079,32.51,64.2756063885918
39882,-8.19123,-3.746562,4.345366,-0.027031,-0.023824,-0.008399,32.5,64.2462873840803
39892,-8.19123,-3.751946,4.34417,-0.025198,-0.024129,-0.006414,32.5,64.2580350872281
39902,-8.197212,-3.755535,4.350152,-0.024129,-0.025351,-0.006109,32.52,64.2444304092684
39912,-8.180463,-3.748955,4.348955,-0.02306,-0.025504,-0.003665,32.52,64.205852001169
39922,-8.169096,-3.750151,4.356732,-0.021838,-0.025962,-0.002749,32.51,64.141144951066
39932,-8.17807,-3.749553,4.349553,-0.020769,-0.024587,-0.000916,32.51,64.1979592664918
39942,-8.175079,-3.761517,4.354938,-0.019853,-0.024282,0.001222,32.48,64.1758505582427
39952,-8.176873,-3.761517,4.362116,-0.018784,-0.023213,0.003512,32.48,64.1429048183708
39962,-8.168499,-3.759723,4.366901,-0.016188,-0.020769,0.007025,32.5,64.0973343184038
39972,-8.177471,-3.761517,4.363312,-0.015119,-0.019242,0.008705,32.49,64.1380972544243
39982,-8.183454,-3.765106,4.366303,-0.014813,-0.01741,0.010079,32.49,64.1400077523006
39992,-8.183454,-3.756134,4.362714,-0.014203,-0.01573,0.011759,32.46,64.1491445122536
40002,-8.186445,-3.766303,4.362116,-0.013744,-0.014661,0.011912,32.46,64.1696019345073
40012,-8.179864,-3.764508,4.376472,-0.012981,-0.012675,0.013439,32.5,64.0788749522593
40022,-8.17448,-3.760321,4.368098,-0.01237,-0.010232,0.013286,32.5,64.1053883695436
40032,-8.175676,-3.765705,4.366303,-0.012217,-0.008094,0.014355,32.51,64.1229842420702
40042,-8.176275,-3.760321,4.372285,-0.012065,-0.006872,0.015424,32.51,64.0878972122627
40052,-8.184649,-3.769294,4.375276,-0.012065,-0.004581,0.01573,32.5,64.1008998327215
40062,-8.182856,-3.765106,4.377071,-0.011301,-0.001833,0.015577,32.5,64.0832154879367
40072,-8.184052,-3.768696,4.373481,-0.012065,-0.000153,0.015882,32.51,64.108157211718
40082,-8.18764,-3.769294,4.374678,-0.012217,0.001985,0.015424,32.51,64.1107623092043
40092,-8.185846,-3.766303,4.380062,-0.013286,0.003512,0.014966,32.48,64.0758706999299
40102,-8.187043,-3.76391,4.373481,-0.013592,0.005498,0.014813,32.48,64.1099473879846
40112,-8.196015,-3.762714,4.37408,-0.013897,0.00733,0.014508,32.48,64.1259700766653
40122,-8.196614,-3.764508,4.367499,-0.014355,0.007789,0.013439,32.48,64.163049656235
40132,-8.200802,-3.757928,4.370491,-0.015424,0.01069,0.011759,32.49,64.1503047182496
40142,-8.194221,-3.761517,4.36391,-0.01741,0.011759,0.010537,32.48,64.1729940100282
40152,-8.21157,-3.762115,4.370491,-0.018173,0.01237,0.009621,32.48,64.1790189766838
40162,-8.202596,-3.753142,4.365705,-0.020159,0.01237,0.008247,32.48,64.174029103539
40172,-8.212168,-3.754937,4.365705,-0.02138,0.013744,0.007178,32.48,64.1975494800192
40182,-8.203793,-3.761517,4.373481,-0.022449,0.014203,0.005192,32.51,64.1454299158322
40192,-8.212766,-3.757928,4.365107,-0.023671,0.014813,0.004887,32.51,64.2050696434462
40202,-8.20798,-3.751946,4.366303,-0.025045,0.01405,0.003512,32.5,64.1819044992251
40212,-8.208578,-3.760919,4.358526,-0.027031,0.014355,0.001985,32.5,64.2325578766182
40222,-8.213365,-3.754339,4.359125,-0.028405,0.013897,0.000916,32.5,64.2334863883509
40232,-8.219346,-3.752544,4.359723,-0.029169,0.012981,-0.000305,32.5,64.2420652067976
40242,-8.210373,-3.756134,4.352544,-0.029627,0.012065,-0.001374,32.5,64.262458821847
40252,-8.216953,-3.753741,4.353143,-0.030391,0.01069,-0.002902,32.5,64.2717552295388
40262,-8.219944,-3.744169,4.348357,-0.031307,0.00901,-0.004123,32.52,64.293292904405
40272,-8.218149,-3.75075,4.345964,-0.032529,0.007483,-0.00504,32.52,64.3083359380641
40282,-8.217552,-3.753741,4.343571,-0.032223,0.005192,-0.005956,32.48,64.3223941541831
40292,-8.216953,-3.754339,4.342375,-0.032223,0.00336,-0.006261,32.48,64.3278215619351
40302,-8.200203,-3.748357,4.345366,-0.033139,0.001527,-0.007941,32.46,64.2684416663508
40312,-8.221141,-3.732205,4.34417,-0.032681,-0.002596,-0.007483,32.5,64.305284764603
40322,-8.222935,-3.748955,4.351348,-0.033598,-0.00504,-0.009774,32.5,64.2895598230715
40332,-8.210373,-3.741179,4.345964,-0.032376,-0.005651,-0.009316,32.54,64.2809379899949
40342,-8.226524,-3.739383,4.338786,-0.033139,-0.009163,-0.009621,32.54,64.3525185187397
40352,-8.217552,-3.745964,4.338786,-0.03146,-0.011301,-0.009468,32.5,64.3390552372352
40362,-8.21157,-3.742374,4.34058,-0.03146,-0.013134,-0.010079,32.5,64.3126267023542
40372,-8.212766,-3.739383,4.336991,-0.030849,-0.014813,-0.009468,32.48,64.3307597208016
40382,-8.203195,-3.748357,4.334598,-0.029932,-0.016952,-0.009163,32.48,64.3307482047584
40392,-8.204989,-3.738786,4.341179,-0.029016,-0.019395,-0.008705,32.49,64.290981781
40402,-8.2014,-3.747759,4.339982,-0.0281,-0.020769,-0.009468,32.49,64.298299050866
40412,-8.202596,-3.74716,4.341777,-0.027031,-0.021686,-0.008399,32.55,64.2911227833077
40422,-8.209177,-3.74716,4.338786,-0.02642,-0.023671,-0.007789,32.55,64.3214037309191
40432,-8.203195,-3.748955,4.342375,-0.026267,-0.025198,-0.008094,32.53,64.2912438223798
40442,-8.183454,-3.753142,4.338188,-0.025656,-0.026114,-0.006872,32.53,64.2725664910302
40452,-8.188837,-3.744768,4.343571,-0.024282,-0.026267,-0.005956,32.5,64.2482756770275
40462,-8.18764,-3.748357,4.34417,-0.023366,-0.026573,-0.00504,32.5,64.2461917744393
40472,-8.182258,-3.760321,4.359125,-0.022449,-0.025809,-0.004429,32.49,64.1692915346038
40482,-8.179864,-3.760919,4.366303,-0.021533,-0.025656,-0.001833,32.49,64.1274919645246
40492,-8.168499,-3.758526,4.368098,-0.020617,-0.025045,-0.001069,32.5,64.0899099687846
40502,-8.177471,-3.77049,4.366303,-0.018937,-0.023213,0.000305,32.49,64.1320618772146
40512,-8.172686,-3.742973,4.367499,-0.018784,-0.020769,0.000611,32.49,64.0862765217362
40522,-8.175079,-3.765705,4.371687,-0.018784,-0.019242,0.001833,32.5,64.0938913403248
40532,-8.17807,-3.756134,4.370491,-0.017868,-0.017104,0.003054,32.5,64.0968443844738
40542,-8.175676,-3.769294,4.371089,-0.017562,-0.014203,0.004887,32.46,64.102084336611
40552,-8.149356,-3.769294,4.373481,-0.01741,-0.012065,0.006109,32.46,64.0298660809791
40562,-8.168499,-3.766901,4.373481,-0.017104,-0.009316,0.007941,32.52,64.0709443074973
40572,-8.169096,-3.772883,4.374678,-0.016493,-0.007025,0.008705,32.52,64.0724134942778
40582,-8.179267,-3.760919,4.371089,-0.016341,-0.004734,0.010079,32.53,64.1014822903495
40592,-8.17448,-3.769294,4.373481,-0.016035,-0.001222,0.011454,32.53,64.0870493456888
40602,-8.189436,-3.769294,4.369295,-0.015119,0.00168,0.013286,32.5,64.142532777099
40612,-8.1679,-3.767499,4.368098,-0.015424,0.00336,0.013592,32.5,64.0979481341134
40622,-8.182856,-3.771089,4.369893,-0.015577,0.006261,0.015272,32.47,64.1264134341245
40632,-8.176275,-3.774678,4.369893,-0.015272,0.007636,0.015272,32.47,64.1152412649941
40642,-8.170293,-3.766303,4.359723,-0.016493,0.009774,0.015272,32.48,64.1453111821893
40652,-8.188837,-3.756732,4.370491,-0.016341,0.012675,0.017104,32.48,64.1219272182375
40662,-8.19123,-3.767499,4.365107,-0.017562,0.014203,0.016493,32.47,64.1662827200486
40672,-8.189436,-3.765705,4.362116,-0.018021,0.01405,0.016188,32.49,64.1757533230813
40682,-8.19781,-3.766303,4.366901,-0.019242,0.014813,0.015882,32.49,64.1707006549176
40692,-8.204391,-3.769294,4.364508,-0.020006,0.014813,0.014966,32.5,64.2010010748958
40702,-8.217552,-3.765106,4.356134,-0.021075,0.014813,0.013897,32.5,64.2694397389876
40712,-8.210971,-3.75733,4.359723,-0.022449,0.014966,0.013286,32.47,64.2280913720765
40722,-8.215756,-3.769892,4.363312,-0.024129,0.01405,0.010385,32.47,64.2334263860084
40732,-8.212766,-3.761517,4.359723,-0.02474,0.013134,0.009468,32.52,64.2364736062203
40742,-8.234302,-3.765705,4.353143,-0.026114,0.012217,0.008552,32.52,64.3231318267211
40752,-8.236693,-3.765106,4.361517,-0.028405,0.01069,0.005803,32.48,64.2848690854321
40762,-8.229516,-3.764508,4.357928,-0.030543,0.009468,0.004123,32.48,64.2865439775016
40772,-8.222935,-3.75733,4.348357,-0.030696,0.007941,0.002443,32.48,64.3135670364367
40782,-8.222337,-3.763312,4.349553,-0.031765,0.005803,0.000764,32.48,64.312224122074
40792,-8.222337,-3.753142,4.348357,-0.033139,0.003665,-0.001527,32.53,64.3079124070735
40802,-8.224131,-3.75733,4.343571,-0.033903,0.00168,-0.002749,32.53,64.3408959050614
40812,-8.221141,-3.752544,4.34058,-0.034972,-0.000153,-0.004429,32.54,64.3446532452249
40822,-8.218149,-3.743571,4.346562,-0.034514,-0.002749,-0.006567,32.54,64.2978735866667
40832,-8.220542,-3.748955,4.332206,-0.034208,-0.00733,-0.007789,32.5,64.3827790779593
40842,-8.219944,-3.748357,4.338786,-0.034819,-0.009468,-0.009316,32.46,64.3469011596907
40852,-8.207382,-3.74716,4.346562,-0.034972,-0.01237,-0.010079,32.46,64.2772616110318
40862,-8.22473,-3.756732,4.339982,-0.03375,-0.014661,-0.010843,32.52,64.3601097642441
40872,-8.213962,-3.74716,4.346562,-0.033445,-0.016035,-0.011912,32.52,64.2921174732897
40882,-8.212766,-3.750151,4.345366,-0.033292,-0.017868,-0.01237,32.49,64.2986612249708
40892,-8.196614,-3.754339,4.336392,-0.032529,-0.019548,-0.012523,32.49,64.3128148876861
40902,-8.205587,-3.737589,4.354339,-0.033139,-0.020769,-0.012523,32.49,64.2232522052623
40912,-8.193623,-3.75075,4.350152,-0.031765,-0.021991,-0.01237,32.49,64.2313543309068
40922,-8.192427,-3.752544,4.349553,-0.030849,-0.022755,-0.011912,32.5,64.2335955857837
40932,-8.186445,-3.748357,4.342973,-0.031001,-0.023824,-0.011759,32.5,64.2496651010815
40942,-8.191828,-3.751946,4.354938,-0.031001,-0.023976,-0.010996,32.46,64.2038549427452
40952,-8.177471,-3.751946,4.353143,-0.029932,-0.023976,-0.010079,32.46,64.1805620174201
40962,-8.188837,-3.756732,4.352544,-0.029016,-0.024282,-0.009468,32.51,64.2143918046394
40972,-8.19123,-3.741776,4.351946,-0.028558,-0.023366,-0.007025,32.51,64.2073853841285
40982,-8.178668,-3.748357,4.351348,-0.027794,-0.022755,-0.00504,32.53,64.1888070896407
40992,-8.178668,-3.756732,4.350152,-0.026267,-0.022602,-0.003054,32.53,64.2036942677669
41002,-8.168499,-3.746562,4.359125,-0.024282,-0.02138,0.000458,32.49,64.123689789412
41012,-8.164909,-3.748357,4.363312,-0.022602,-0.020006,0.003971,32.5,64.0957839573407
41022,-8.155338,-3.756134,4.360919,-0.021533,-0.01909,0.005956,32.5,64.0944814321538
41032,-8.158927,-3.754339,4.362116,-0.020617,-0.017257,0.008858,32.5,64.0945941881513
41042,-8.162517,-3.753741,4.362714,-0.020006,-0.015577,0.010843,32.5,64.0990561972188
41052,-8.160722,-3.76391,4.37408,-0.019395,-0.013592,0.012217,32.46,64.047014442788
41062,-8.167302,-3.754937,4.37408,-0.018173,-0.011301,0.014203,32.46,64.0525918191653
41072,-8.175676,-3.748955,4.363312,-0.018021,-0.009774,0.016493,32.51,64.1209116701001
41082,-8.177471,-3.762714,4.369893,-0.01741,-0.007941,0.017257,32.51,64.1054380187236
41092,-8.17807,-3.762115,4.363312,-0.018021,-0.004734,0.018631,32.51,64.1400811826965
41102,-8.184052,-3.756732,4.377071,-0.017104,-0.002596,0.020464,32.51,64.077187539063
41112,-8.182258,-3.772285,4.374678,-0.017562,-0.000305,0.020464,32.45,64.1016787497754
41122,-8.172088,-3.763312,4.366303,-0.01741,0.000916,0.020311,32.45,64.1123320832991
41132,-8.178668,-3.75733,4.368696,-0.017868,0.002443,0.019853,32.54,64.1086998809929
41142,-8.189436,-3.762714,4.378268,-0.017715,0.004123,0.019853,32.54,64.0895031794844
41152,-8.19123,-3.757928,4.366901,-0.018479,0.006109,0.019853,32.5,64.1470838909723
41162,-8.191828,-3.759125,4.359125,-0.019395,0.007789,0.018784,32.5,64.1897322480963
41172,-8.200203,-3.755535,4.371687,-0.0197,0.010843,0.017562,32.48,64.1403104745523
41182,-8.202596,-3.760321,4.371089,-0.021228,0.011301,0.01573,32.5,64.1537770607211
41192,-8.209177,-3.764508,4.365705,-0.023366,0.012065,0.014508,32.5,64.2006952210836
41202,-8.205587,-3.761517,4.37408,-0.023671,0.012981,0.013134,32.52,64.1464131022707
41212,-8.213365,-3.771089,4.372285,-0.025504,0.012981,0.010843,32.52,64.1831579790845
41222,-8.216953,-3.764508,4.362714,-0.026114,0.01237,0.009927,32.48,64.2336323803008
41232,-8.224131,-3.762714,4.356134,-0.027031,0.011912,0.007789,32.48,64.2817947669145
41242,-8.214561,-3.759723,4.354339,-0.028558,0.010996,0.005956,32.51,64.266374033068
41252,-8.215158,-3.760919,4.354938,-0.030543,0.010385,0.00336,32.51,64.2658726673015
41262,-8.222935,-3.754937,4.357928,-0.031612,0.010079,0.001374,32.48,64.2618617372062
41272,-8.229516,-3.759125,4.354339,-0.032529,0.008399,0,32.48,64.2994553360926
41282,-8.22772,-3.761517,4.356134,-0.033445,0.006567,-0.001985,32.5,64.288643905209
41292,-8.221739,-3.762714,4.341777,-0.034514,0.004276,-0.004734,32.5,64.3502903997247
41302,-8.218747,-3.753741,4.346562,-0.03543,0.00336,-0.005345,32.45,64.3096816516088
41312,-8.218149,-3.756134,4.341777,-0.037721,0.000458,-0.006872,32.45,64.3354426727433
41322,-8.230712,-3.750151,4.345964,-0.037721,-0.001833,-0.008399,32.5,64.3360153428518
41332,-8.218747,-3.744169,4.34058,-0.03879,-0.004429,-0.009927,32.5,64.3306584310889
41342,-8.212168,-3.751348,4.341777,-0.038332,-0.005956,-0.010843,32.48,64.3170409337634
41352,-8.203793,-3.760919,4.336392,-0.039401,-0.011454,-0.011454,32.48,64.33580221601
41366,-8.21157,-3.753741,4.335197,-0.03879,-0.01405,-0.010996,32.48,64.3520810606772
41372,-8.204391,-3.750151,4.341179,-0.039095,-0.015882,-0.011148,32.51,64.3013461973522
41382,-8.210971,-3.747759,4.342973,-0.03879,-0.017562,-0.010537,32.51,64.30448034819
41392,-8.193025,-3.74716,4.332206,-0.038637,-0.019853,-0.010232,32.5,64.318905721699
41402,-8.199007,-3.759723,4.347161,-0.037874,-0.021228,-0.009774,32.5,64.2682416324158
41412,-8.199007,-3.751946,4.337589,-0.037263,-0.023366,-0.009927,32.5,64.3095659982408
41422,-8.203793,-3.757928,4.341777,-0.036805,-0.024435,-0.009621,32.5,64.3049426874568
41432,-8.199606,-3.75075,4.341179,-0.035583,-0.026114,-0.00901,32.52,64.2911606693332
41442,-8.188239,-3.750151,4.351348,-0.035583,-0.026725,-0.008094,32.52,64.2123729146769
41452,-8.192427,-3.753142,4.350152,-0.034361,-0.027489,-0.006414,32.53,64.2311266500545
41462,-8.185248,-3.751348,4.353741,-0.032681,-0.027184,-0.004734,32.53,64.1944946871697
41472,-8.185248,-3.748357,4.346562,-0.03207,-0.027642,-0.003971,32.55,64.2284283447206
41482,-8.185846,-3.757928,4.35075,-0.031765,-0.027489,-0.002291,32.55,64.2181140523739
41492,-8.185846,-3.753741,4.35075,-0.030391,-0.026725,-0.000153,32.46,64.2137633553559
41502,-8.17807,-3.75733,4.360321,-0.028863,-0.026725,0.000153,32.46,64.1505067649254
41512,-8.175676,-3.763312,4.363312,-0.027947,-0.025504,0.002749,32.52,64.1358975891886
41522,-8.179267,-3.753142,4.365705,-0.025962,-0.02306,0.004123,32.5,64.1211039993789
41532,-8.17149,-3.753142,4.360919,-0.025351,-0.021533,0.005651,32.5,64.1281050827392
41542,-8.169695,-3.754937,4.358526,-0.023671,-0.0197,0.007789,32.49,64.1382455449179
41552,-8.168499,-3.769892,4.359723,-0.023213,-0.018173,0.008552,32.49,64.1449966483945
41562,-8.179267,-3.767499,4.367499,-0.022755,-0.015424,0.009927,32.49,64.1268484171555
41572,-8.176873,-3.760321,4.353143,-0.021533,-0.013439,0.011454,32.49,64.1879314179766
41582,-8.172088,-3.77408,4.366901,-0.020311,-0.011148,0.013744,32.49,64.1205263455837
41592,-8.170293,-3.76391,4.373481,-0.019548,-0.009316,0.014508,32.49,64.0718892207004
41602,-8.172088,-3.765705,4.371687,-0.018937,-0.007178,0.014508,32.52,64.0870937072433
41612,-8.15773,-3.762714,4.368098,-0.019242,-0.005345,0.014966,32.52,64.0697879985895
41622,-8.17807,-3.764508,4.376472,-0.018326,-0.001985,0.01741,32.53,64.0747975000119
41632,-8.164311,-3.774678,4.368098,-0.018326,0,0.018326,32.53,64.0973260377258
41642,-8.176873,-3.773481,4.369893,-0.018326,0.002138,0.01909,32.48,64.1153444927683
41652,-8.17448,-3.771089,4.375276,-0.01909,0.004429,0.01909,32.48,64.0796879635288
41662,-8.184052,-3.767499,4.380062,-0.018937,0.005956,0.01909,32.48,64.0730460594121
41672,-8.17807,-3.764508,4.377071,-0.019395,0.007789,0.0197,32.48,64.0717141147513
41682,-8.185248,-3.759723,4.366303,-0.019242,0.00901,0.01909,32.47,64.1384638552356
41692,-8.192427,-3.765106,4.367499,-0.020617,0.010996,0.019853,32.47,64.1541889510585
41702,-8.188837,-3.763312,4.363312,-0.021991,0.012217,0.018631,32.52,64.1657449842297
41712,-8.19781,-3.759125,4.363312,-0.022602,0.012981,0.018784,32.51,64.1817144612478
41722,-8.200203,-3.754937,4.360919,-0.022755,0.013134,0.018021,32.51,64.1951077212207
41732,-8.204391,-3.753142,4.363312,-0.023976,0.013592,0.017257,32.53,64.1904090664622
41742,-8.2014,-3.761517,4.359125,-0.025351,0.013439,0.016035,32.53,64.2138740083196
41752,-8.219944,-3.744169,4.362116,-0.026878,0.013439,0.015424,32.51,64.2224792311061
41762,-8.220542,-3.753741,4.363312,-0.0281,0.012675,0.01405,32.51,64.2275429836704
41772,-8.224131,-3.753142,4.361517,-0.028558,0.011759,0.012523,32.49,64.2442562695404
41782,-8.222337,-3.75733,4.351348,-0.030391,0.010996,0.011148,32.49,64.2968276319249
41792,-8.222935,-3.753741,4.351946,-0.03146,0.009621,0.009468,32.51,64.2914043573991
41802,-8.218747,-3.756732,4.347161,-0.032376,0.008094,0.008247,32.51,64.3096763197394
41812,-8.221141,-3.760919,4.35075,-0.033139,0.00672,0.00733,32.46,64.3009070201123
41822,-8.22772,-3.744169,4.349553,-0.034056,0.004123,0.005803,32.46,64.3046710992686
41832,-8.217552,-3.753741,4.341777,-0.034819,0.001374,0.003971,32.5,64.3316362604407
41842,-8.220542,-3.755535,4.349553,-0.036194,-0.000458,0.002749,32.5,64.3001737681488
41852,-8.232506,-3.748955,4.343571,-0.036346,-0.002596,0.001069,32.49,64.3511421044926
41862,-8.222935,-3.750151,4.341179,-0.037263,-0.005192,-0.002902,32.49,64.3431482484206
41872,-8.215756,-3.754937,4.342375,-0.037568,-0.010996,-0.003818,32.5,64.3257408479299
41882,-8.217552,-3.748357,4.339384,-0.037874,-0.013134,-0.004429,32.47,64.3384315598746
41892,-8.22772,-3.757928,4.331009,-0.03879,-0.015119,-0.006261,32.47,64.4142782144292
41902,-8.215158,-3.746562,4.34417,-0.039554,-0.018326,-0.006109,32.45,64.3065251465957
41912,-8.218149,-3.74716,4.334598,-0.039401,-0.020617,-0.007483,32.45,64.3632184691787
41922,-8.225328,-3.737589,4.342375,-0.039554,-0.02306,-0.010079,32.49,64.3294954672525
41932,-8.213962,-3.749553,4.348955,-0.039859,-0.024587,-0.010079,32.49,64.2822546474087
41942,-8.201998,-3.754937,4.353143,-0.039554,-0.027031,-0.01069,32.51,64.2392177357872
41952,-8.206783,-3.755535,4.346562,-0.03879,-0.028711,-0.011912,32.51,64.2845520900462
41962,-8.199606,-3.742374,4.348357,-0.03879,-0.02978,-0.011454,32.53,64.2454865360299
41972,-8.2014,-3.748357,4.34417,-0.038943,-0.030391,-0.011301,32.53,64.2773146210836
41982,-8.199007,-3.756134,4.349553,-0.037568,-0.031154,-0.010996,32.48,64.2521957964277
41992,-8.187043,-3.751348,4.353741,-0.036957,-0.031765,-0.010232,32.48,64.198563622501
42002,-8.185846,-3.750151,4.359723,-0.037415,-0.032529,-0.010996,32.48,64.1637626867315
42012,-8.184052,-3.753142,4.356732,-0.036041,-0.032376,-0.010079,32.48,64.1782232991772
42022,-8.182258,-3.760321,4.360321,-0.03543,-0.032834,-0.009163,32.48,64.1631267676655
42032,-8.176275,-3.762714,4.357928,-0.034514,-0.031001,-0.006872,32.48,64.1643906055921
42042,-8.176873,-3.748357,4.360919,-0.032834,-0.029169,-0.005498,32.48,64.1353505481509
42052,-8.166704,-3.753142,4.376472,-0.031307,-0.027794,-0.004123,32.49,64.0370215471586
42062,-8.159525,-3.75733,4.369295,-0.030085,-0.025045,-0.002291,32.49,64.0620502696771
42072,-8.170293,-3.761517,4.362714,-0.029016,-0.022755,0.000153,32.48,64.1248792692865
42082,-8.169096,-3.759723,4.365705,-0.027336,-0.020769,0.001985,32.48,64.1048585170381
42092,-8.166105,-3.752544,4.369893,-0.026725,-0.018326,0.004123,32.48,64.0689424746346
42102,-8.160722,-3.759723,4.368696,-0.025351,-0.01573,0.005956,32.48,64.070377721701
42112,-8.172686,-3.756732,4.375276,-0.024282,-0.012981,0.006872,32.5,64.0605712929495
42122,-8.173882,-3.759723,4.376472,-0.023824,-0.009468,0.009163,32.5,64.0602642363932
42132,-8.159525,-3.757928,4.373481,-0.022755,-0.007025,0.011759,32.5,64.041090970112
42142,-8.160722,-3.764508,4.374678,-0.022449,-0.004276,0.013134,32.5,64.0445605864626
42152,-8.166105,-3.761517,4.372285,-0.022449,-0.001222,0.014203,32.46,64.0660129439139
42162,-8.172088,-3.765106,4.370491,-0.02138,0.00168,0.016493,32.46,64.0926280169659
42172,-8.160124,-3.762714,4.372883,-0.02138,0.004429,0.018173,32.52,64.0505659357727
42182,-8.169695,-3.762115,4.38066,-0.020464,0.007025,0.019395,32.52,64.0316724869502
42192,-8.181061,-3.761517,4.371687,-0.020769,0.009468,0.020006,32.48,64.103102806384
42202,-8.175079,-3.754937,4.366901,-0.020617,0.011606,0.020922,32.48,64.1072933720312
42212,-8.180463,-3.765705,4.367499,-0.021686,0.014966,0.021991,32.54,64.1276877771977
42222,-8.190632,-3.763312,4.368696,-0.022449,0.016646,0.022755,32.49,64.1420918016501
42232,-8.193623,-3.759125,4.367499,-0.023518,0.018173,0.02306,32.49,64.150675658154
42242,-8.194221,-3.762714,4.364508,-0.023671,0.018937,0.022907,32.48,64.1711598550957
42252,-8.202596,-3.769294,4.365705,-0.02474,0.01909,0.02306,32.48,64.1907871621147
42262,-8.213365,-3.75733,4.365107,-0.024893,0.01909,0.02138,32.51,64.2058050859198
42272,-8.21157,-3.760919,4.365705,-0.025198,0.017868,0.020617,32.51,64.202385984716
42282,-8.223534,-3.760321,4.355535,-0.026267,0.017715,0.018784,32.51,64.2810648610936
42292,-8.210373,-3.761517,4.341777,-0.027184,0.016341,0.01741,32.51,64.323479159215
42302,-8.230712,-3.763312,4.34058,-0.028253,0.015272,0.017257,32.47,64.3772268260339
42312,-8.222935,-3.759723,4.339384,-0.028711,0.013439,0.014508,32.47,64.3622270843854
42322,-8.220542,-3.760919,4.342973,-0.029932,0.011301,0.013286,32.51,64.339592331448
42332,-8.225328,-3.75733,4.342973,-0.031307,0.00901,0.011148,32.51,64.3466672518703
42342,-8.23789,-3.761517,4.349553,-0.032376,0.005956,0.009927,32.51,64.3453471629622
42352,-8.236095,-3.754937,4.347759,-0.032987,0.003512,0.008094,32.51,64.3437929331275
42362,-8.2349,-3.753142,4.345366,-0.033903,0.000153,0.005345,32.51,64.3515772446191
42372,-8.233105,-3.754937,4.338786,-0.034361,-0.002291,0.003971,32.51,64.3832472763534
42382,-8.221141,-3.751946,4.345366,-0.035888,-0.007636,-0.000305,32.46,64.3193878665924
42392,-8.222935,-3.741179,4.341179,-0.036957,-0.010996,-0.002443,32.5,64.3339427876093
42402,-8.219346,-3.744169,4.337589,-0.037568,-0.013744,-0.004581,32.5,64.3474244609569
42412,-8.231908,-3.74716,4.348955,-0.038637,-0.016188,-0.00504,32.49,64.3202501358374
42422,-8.221739,-3.758526,4.341179,-0.039248,-0.019395,-0.006414,32.49,64.3490620942217
42432,-8.221141,-3.743571,4.341777,-0.039401,-0.022144,-0.00672,32.46,64.3292721982425
42442,-8.219346,-3.750151,4.341179,-0.039859,-0.024435,-0.009316,32.46,64.3350665203998
42452,-8.205587,-3.744169,4.346562,-0.040623,-0.026573,-0.010385,32.51,64.2701212387343
42462,-8.212168,-3.74716,4.337589,-0.04047,-0.028253,-0.010385,32.51,64.3343212648886
42472,-8.219944,-3.735795,4.348955,-0.040775,-0.028558,-0.010537,32.53,64.2816122842079
42482,-8.201998,-3.747759,4.34417,-0.039859,-0.029932,-0.009468,32.53,64.2780483646361
42492,-8.208578,-3.738786,4.354339,-0.039706,-0.032834,-0.010385,32.48,64.2312576637109
42502,-8.197212,-3.748357,4.349553,-0.039554,-0.032987,-0.009621,32.48,64.2400873548602
42512,-8.196614,-3.751946,4.354339,-0.03879,-0.033445,-0.008552,32.5,64.2177793893778
42522,-8.193623,-3.74716,4.354938,-0.038332,-0.033292,-0.009163,32.5,64.2029591316895
42532,-8.199007,-3.750151,4.347161,-0.038026,-0.03375,-0.007025,32.51,64.2583363443774
42542,-8.185846,-3.757928,4.35733,-0.03711,-0.033598,-0.005651,32.51,64.1841860301884
42552,-8.173882,-3.752544,4.366303,-0.035888,-0.032223,-0.003971,32.5,64.1051549983737
42562,-8.168499,-3.762115,4.368696,-0.034972,-0.030238,-0.002902,32.53,64.0905855842529
42572,-8.170293,-3.760919,4.363312,-0.033598,-0.029169,0.000153,32.53,64.1211700243764
42582,-8.17149,-3.75733,4.364508,-0.032529,-0.027031,0.001833,32.51,64.1139706478744
42592,-8.151151,-3.757928,4.369295,-0.03146,-0.025809,0.003054,32.51,64.0435852474385
42602,-8.160124,-3.75733,4.371687,-0.030085,-0.023213,0.005345,32.47,64.0510791523679
42612,-8.163713,-3.762115,4.368098,-0.029474,-0.020922,0.007483,32.47,64.0827802201536
42622,-8.157133,-3.759723,4.362116,-0.027947,-0.018479,0.009468,32.46,64.0961551067458
42632,-8.155936,-3.756134,4.357928,-0.027336,-0.016035,0.010843,32.46,64.1112882367947
42642,-8.163713,-3.769294,4.371089,-0.02642,-0.013592,0.012675,32.48,64.074895261293
42652,-8.16132,-3.757928,4.378866,-0.026114,-0.010843,0.014508,32.48,64.0174277710057
42662,-8.169096,-3.765106,4.363312,-0.024587,-0.007789,0.016035,32.48,64.1228321251094
42672,-8.170892,-3.762714,4.372883,-0.024129,-0.00504,0.017868,32.48,64.0750794556687
42682,-8.176873,-3.765705,4.37408,-0.024129,-0.002902,0.018937,32.48,64.0856443947471
42692,-8.17149,-3.767499,4.381258,-0.023671,-0.000153,0.019853,32.48,64.0383295052181
42702,-8.166105,-3.762714,4.369295,-0.024587,0.001985,0.020922,32.49,64.0826797481948
42712,-8.180463,-3.760919,4.366303,-0.024435,0.005803,0.021533,32.49,64.128851792927
42722,-8.178668,-3.759723,4.367499,-0.02474,0.007636,0.021838,32.5,64.1173654124373
42732,-8.192427,-3.765106,4.369295,-0.024893,0.010996,0.022755,32.5,64.1449456314645
42742,-8.188239,-3.764508,4.369893,-0.02642,0.012675,0.022449,32.48,64.1317510546394
42752,-8.200802,-3.764508,4.365107,-0.027031,0.013897,0.022449,32.48,64.1848362906711
42762,-8.183454,-3.754339,4.362116,-0.027794,0.015577,0.021991,32.48,64.1503570913553
42772,-8.210971,-3.765106,4.368696,-0.027489,0.016341,0.021838,32.49,64.1899906144903
42782,-8.206185,-3.756134,4.366901,-0.029016,0.016188,0.020617,32.49,64.1791012805318
42792,-8.20798,-3.760919,4.356732,-0.030696,0.015577,0.01909,32.54,64.2404410186172
42802,-8.209774,-3.76391,4.346562,-0.03207,0.015272,0.018021,32.54,64.2999476749504
42812,-8.223534,-3.766303,4.362116,-0.032834,0.014508,0.015882,32.52,64.2533990904
42822,-8.208578,-3.766901,4.350152,-0.03375,0.013439,0.014508,32.52,64.2818552110927
42832,-8.222337,-3.75733,4.354339,-0.034819,0.012065,0.012981,32.48,64.2814387233793
42842,-8.228917,-3.754937,4.353143,-0.03543,0.01069,0.011148,32.48,64.2999524227751
42852,-8.237292,-3.752544,4.349553,-0.036499,0.008552,0.009468,32.49,64.334805986392
42862,-8.224131,-3.760321,4.351348,-0.038026,0.007025,0.007636,32.49,64.3039468234682
42872,-8.227122,-3.760321,4.34417,-0.038026,0.004429,0.005498,32.48,64.3476125331491
42882,-8.22772,-3.75733,4.339384,-0.03879,0.001985,0.003512,32.48,64.3705241927266
42892,-8.235497,-3.754937,4.343571,-0.04047,-0.001069,0.001527,32.49,64.3639932517468
42902,-8.230712,-3.755535,4.341777,-0.040623,-0.006872,-0.002291,32.49,64.3630865825
42912,-8.235497,-3.755535,4.338786,-0.041386,-0.009163,-0.003818,32.5,64.3892307140484
42922,-8.221141,-3.763312,4.338786,-0.041997,-0.011912,-0.005192,32.46,64.3649653880731
42932,-8.216953,-3.74716,4.337589,-0.042761,-0.015882,-0.00672,32.46,64.3451045895735
42942,-8.214561,-3.754339,4.339384,-0.042761,-0.018479,-0.007789,32.52,64.3378465909815
42952,-8.215158,-3.75075,4.34417,-0.042455,-0.020311,-0.007636,32.52,64.3108347056523
42962,-8.207382,-3.736991,4.338188,-0.042761,-0.022602,-0.007789,32.48,64.309972015181
42972,-8.206185,-3.749553,4.341179,-0.042302,-0.024435,-0.007941,32.48,64.3047784198776
42982,-8.216354,-3.746562,4.342375,-0.043219,-0.027642,-0.008552,32.49,64.3184720835863
42992,-8.203793,-3.751348,4.343571,-0.042761,-0.029474,-0.007483,32.49,64.2888969940797
43002,-8.200802,-3.758526,4.339982,-0.041997,-0.031154,-0.007483,32.47,64.3080706962001
43012,-8.194819,-3.749553,4.347759,-0.041539,-0.032223,-0.00672,32.47,64.2451617630417
43022,-8.194819,-3.753142,4.350152,-0.041539,-0.032987,-0.005956,32.45,64.236539148915
43032,-8.196015,-3.75075,4.343571,-0.04047,-0.034056,-0.004734,32.45,64.270707179283
43042,-8.191828,-3.751946,4.347161,-0.04047,-0.034819,-0.003665,32.5,64.2439572609775
43052,-8.188239,-3.756134,4.354938,-0.039401,-0.035277,-0.003207,32.5,64.2000734950243
43062,-8.188239,-3.749553,4.354938,-0.038943,-0.034972,-0.001374,32.49,64.1932384086305
43072,-8.173284,-3.75075,4.353143,-0.038179,-0.034056,0.000916,32.49,64.1698112742822
43082,-8.172088,-3.751946,4.357928,-0.035583,-0.032834,0.00336,32.53,64.1436470069387
43092,-8.184649,-3.751946,4.362714,-0.034361,-0.031612,0.004887,32.54,64.1474966481889
43102,-8.17448,-3.766901,4.360919,-0.034056,-0.029627,0.00504,32.54,64.1492704948214
43112,-8.160722,-3.764508,4.36391,-0.032529,-0.027947,0.007025,32.47,64.1000857433039
43122,-8.170892,-3.757928,4.364508,-0.031307,-0.025351,0.007789,32.47,64.1132363380862
43132,-8.173882,-3.760919,4.362714,-0.02978,-0.023213,0.009621,32.49,64.1324066002608
43142,-8.167302,-3.756134,4.364508,-0.029474,-0.020617,0.010843,32.49,64.1031954250855
43152,-8.16132,-3.754339,4.367499,-0.029474,-0.018479,0.011454,32.5,64.0722679086159
43162,-8.157133,-3.77049,4.365107,-0.027794,-0.01573,0.01405,32.5,64.0920301836889
43172,-8.170293,-3.766901,4.371687,-0.027031,-0.012981,0.015119,32.5,64.0842663240047
43182,-8.170293,-3.765106,4.364508,-0.025809,-0.010079,0.016646,32.5,64.1193847354841
43192,-8.167302,-3.761517,4.372285,-0.024587,-0.007025,0.017257,32.46,64.0687376376226
43202,-8.178668,-3.757928,4.369893,-0.024282,-0.003971,0.018784,32.46,64.1031576133954
43212,-8.166105,-3.762115,4.371089,-0.023824,-0.00168,0.018937,32.46,64.0728042645793
43222,-8.17448,-3.762714,4.368098,-0.023824,0.000153,0.01909,32.46,64.1078906294605
43232,-8.184052,-3.760321,4.377669,-0.023213,0.003665,0.020159,32.47,64.0778567591982
43242,-8.184649,-3.758526,4.367499,-0.022755,0.005651,0.020922,32.47,64.1296969008849
43252,-8.183454,-3.756732,4.368696,-0.022449,0.00901,0.021686,32.5,64.1189484549654
43262,-8.169096,-3.761517,4.37408,-0.022907,0.012065,0.021991,32.46,64.0635716705112
43272,-8.183454,-3.754339,4.369295,-0.023213,0.013592,0.022449,32.46,64.1133687287624
43282,-8.199606,-3.760919,4.375875,-0.024129,0.014813,0.021838,32.48,64.1230129717694
43292,-8.199606,-3.756732,4.35733,-0.023976,0.016188,0.021533,32.48,64.2140996303539
43302,-8.186445,-3.761517,4.368098,-0.024893,0.016799,0.020769,32.52,64.133805171784
43312,-8.206185,-3.753741,4.364508,-0.025656,0.016646,0.020464,32.52,64.1889348318555
43322,-8.208578,-3.753741,4.361517,-0.027642,0.016188,0.01909,32.45,64.2097398822766
43332,-8.215756,-3.758526,4.359125,-0.0281,0.015577,0.018021,32.45,64.2432086396175
43342,-8.213365,-3.754339,4.361517,-0.028863,0.016035,0.01741,32.5,64.2211793703781
43352,-8.209774,-3.756732,4.347759,-0.02978,0.015424,0.016493,32.5,64.2863690533755
43362,-8.209177,-3.746562,4.348357,-0.030391,0.013592,0.015424,32.48,64.2714490363016
43372,-8.222337,-3.75075,4.354938,-0.031918,0.011912,0.013134,32.48,64.2715833815906
43382,-8.22772,-3.749553,4.34417,-0.032834,0.010537,0.012523,32.48,64.3379028795303
43392,-8.233703,-3.754937,4.341179,-0.034056,0.007789,0.010996,32.48,64.3722723865975
43402,-8.228917,-3.754937,4.348357,-0.034361,0.005192,0.009163,32.46,64.3245727096858
43412,-8.220542,-3.756134,4.347161,-0.035583,0.002596,0.008094,32.46,64.3131039950338
43422,-8.225328,-3.753142,4.339982,-0.036194,-0.003512,0.004276,32.47,64.3577688540031
43432,-8.221141,-3.744169,4.34058,-0.037874,-0.006109,0.00168,32.48,64.3360535958488
43442,-8.22473,-3.756134,4.34417,-0.037568,-0.00901,0.001222,32.48,64.3379305234031
43452,-8.235497,-3.748357,4.341777,-0.038485,-0.011759,0,32.49,64.3664892901422
43462,-8.227122,-3.748955,4.329813,-0.038943,-0.014813,-0.001985,32.49,64.4099078746947
43472,-8.229516,-3.74716,4.337589,-0.040164,-0.017715,-0.004276,32.5,64.373381132271
43482,-8.234302,-3.754937,4.335197,-0.041233,-0.020311,-0.005498,32.5,64.4044136898265
43492,-8.223534,-3.751946,4.343571,-0.041233,-0.02306,-0.00733,32.47,64.3340204183299
43502,-8.213365,-3.743571,4.347759,-0.040928,-0.025504,-0.00901,32.47,64.2809081848266
43512,-8.221141,-3.741179,4.339982,-0.041539,-0.027184,-0.009927,32.51,64.3360677014278
43522,-8.236693,-3.75075,4.353741,-0.041386,-0.028405,-0.010843,32.51,64.3100867085759
43532,-8.218149,-3.748955,4.338786,-0.040928,-0.030238,-0.011148,32.5,64.3434728754831
43542,-8.206783,-3.755535,4.341179,-0.040928,-0.032223,-0.011912,32.5,64.3122980389206
43552,-8.193623,-3.751348,4.348955,-0.040928,-0.033292,-0.013592,32.54,64.238146527162
43562,-8.2014,-3.752544,4.354339,-0.040623,-0.033445,-0.012981,32.54,64.2292274783096
43572,-8.198408,-3.754339,4.362116,-0.040623,-0.033445,-0.012981,32.51,64.1842601178323
43582,-8.189436,-3.754339,4.355535,-0.039554,-0.03375,-0.012675,32.51,64.1978427858588
43592,-8.17807,-3.760919,4.357928,-0.039248,-0.033903,-0.011454,32.51,64.1665889958859
43602,-8.175079,-3.75075,4.359723,-0.038485,-0.03207,-0.010843,32.5,64.1399362482146
43612,-8.182258,-3.759723,4.370491,-0.037263,-0.031154,-0.009316,32.5,64.1101074907065
43622,-8.1679,-3.766303,4.368696,-0.036652,-0.02978,-0.007483,32.47,64.0936120925113
43632,-8.175079,-3.756732,4.363312,-0.034514,-0.027642,-0.006109,32.47,64.1276691582095
43642,-8.172686,-3.764508,4.371687,-0.034667,-0.025809,-0.003818,32.49,64.0871994797076
43652,-8.158329,-3.76391,4.362116,-0.033292,-0.023366,-0.001374,32.49,64.103271051422
43662,-8.166704,-3.764508,4.375875,-0.032529,-0.021075,0.000305,32.48,64.0520158479998
43672,-8.156534,-3.767499,4.368696,-0.031307,-0.018479,0.002902,32.48,64.0690093936734
43682,-8.160722,-3.768696,4.368098,-0.029322,-0.016035,0.005345,32.46,64.082882508291
43692,-8.165507,-3.765106,4.360919,-0.028863,-0.013897,0.007025,32.46,64.1270205667598
43702,-8.165507,-3.773481,4.372883,-0.027642,-0.010079,0.010232,32.53,64.0741287649861
43712,-8.151749,-3.763312,4.365705,-0.026878,-0.007178,0.013286,32.53,64.0691391753065
43722,-8.159525,-3.77408,4.358526,-0.025351,-0.004581,0.014508,32.5,64.1351932818059
43732,-8.175676,-3.769892,4.369295,-0.024893,-0.002138,0.016799,32.5,64.111950404083
43742,-8.161918,-3.768098,4.373481,-0.023976,0.000611,0.018784,32.5,64.057226156193
43752,-8.177471,-3.766901,4.377669,-0.023824,0.003207,0.020159,32.5,64.069779331852
43762,-8.172088,-3.768696,4.373481,-0.02306,0.005956,0.021991,32.5,64.0809869743244
43772,-8.175676,-3.771687,4.369893,-0.022907,0.010079,0.024282,32.49,64.1107495975802
43782,-8.178668,-3.773481,4.361517,-0.022602,0.012065,0.024893,32.49,64.1625614934401
43792,-8.185248,-3.766303,4.36391,-0.023366,0.013744,0.025198,32.49,64.157648947331
43802,-8.187043,-3.76391,4.364508,-0.023366,0.014203,0.025198,32.49,64.1561426718859
43812,-8.195418,-3.771687,4.369295,-0.023671,0.014661,0.025198,32.54,64.1585733444499
43822,-8.19781,-3.761517,4.359125,-0.024587,0.015882,0.025809,32.54,64.2057554845411
43832,-8.195418,-3.764508,4.360919,-0.024587,0.016035,0.024893,32.53,64.1942126797909
43842,-8.203195,-3.766901,4.360919,-0.025809,0.01573,0.023518,32.53,64.2142809866467
43852,-8.215756,-3.778267,4.360321,-0.026573,0.014813,0.022602,32.53,64.2574727282186
43862,-8.212168,-3.761517,4.347759,-0.02642,0.014355,0.022297,32.53,64.296706350283
43872,-8.216953,-3.761517,4.352544,-0.027031,0.013439,0.021686,32.5,64.2828564852465
43882,-8.225328,-3.758526,4.347161,-0.027794,0.011759,0.020159,32.5,64.3263388600776
43892,-8.227122,-3.760919,4.354339,-0.029627,0.008705,0.018479,32.47,64.2959116622267
43902,-8.219346,-3.761517,4.354938,-0.030849,0.00733,0.016799,32.47,64.2759315782948
43912,-8.234302,-3.756732,4.347759,-0.03207,0.005651,0.014508,32.49,64.341602699598
43922,-8.228318,-3.753741,4.34417,-0.032681,0.003818,0.012065,32.49,64.343545290547
43932,-8.224131,-3.754339,4.342973,-0.033598,0.000916,0.010537,32.51,64.3409016416246
43942,-8.235497,-3.75733,4.34058,-0.035277,-0.003512,0.006872,32.51,64.3818354690206
43952,-8.240283,-3.745964,4.338188,-0.03711,-0.007025,0.00504,32.5,64.3932705078118
43962,-8.23131,-3.743571,4.337589,-0.038637,-0.009774,0.002596,32.45,64.3737427084903
43972,-8.243872,-3.748357,4.34058,-0.039095,-0.012828,0.000153,32.45,64.3914621069398
43982,-8.23789,-3.753142,4.344768,-0.039401,-0.015577,-0.002443,32.48,64.3613733230753
43992,-8.222935,-3.746562,4.336991,-0.040623,-0.018326,-0.003512,32.48,64.3610434535701
44002,-8.224131,-3.753741,4.342375,-0.041539,-0.020159,-0.004887,32.51,64.3433667924761
44012,-8.222935,-3.748357,4.344768,-0.041844,-0.021991,-0.006261,32.51,64.3228211158586
44022,-8.218149,-3.747759,4.348955,-0.042608,-0.024893,-0.008705,32.48,64.2898551415717
44032,-8.214561,-3.745964,4.342375,-0.042455,-0.027336,-0.009316,32.48,64.3138137968402
44042,-8.218149,-3.741776,4.34417,-0.041539,-0.028405,-0.009163,32.48,64.3083526337673
44052,-8.209177,-3.734,4.348955,-0.042913,-0.030085,-0.010843,32.48,64.2554275889553
44062,-8.203793,-3.744169,4.345964,-0.041692,-0.03146,-0.010232,32.52,64.2691492061409
44072,-8.203793,-3.75075,4.355535,-0.041844,-0.032223,-0.010843,32.52,64.2266231047563
44082,-8.19123,-3.747759,4.348955,-0.041386,-0.031918,-0.010232,32.53,64.2290109335649
44092,-8.19781,-3.748955,4.343571,-0.041081,-0.031918,-0.009316,32.53,64.272908502365
44102,-8.182258,-3.748955,4.347161,-0.040317,-0.032376,-0.008552,32.48,64.219181686898
44112,-8.192427,-3.750151,4.350152,-0.039554,-0.032834,-0.007178,32.48,64.22802626902
44122,-8.182856,-3.755535,4.359125,-0.038026,-0.030849,-0.005956,32.5,64.1656628390678
44132,-8.182258,-3.761517,4.362116,-0.037568,-0.029322,-0.004429,32.46,64.1551225401709
44142,-8.186445,-3.754339,4.371089,-0.036805,-0.0281,-0.002749,32.46,64.1109245915271
44152,-8.175676,-3.754339,4.362116,-0.036194,-0.026878,-0.000916,32.48,64.1326946289123
44162,-8.172686,-3.754937,4.363312,-0.034972,-0.02474,0.000305,32.48,64.1203563085998
44172,-8.172088,-3.753142,4.366303,-0.034208,-0.023366,0.001374,32.49,64.1016987709062
44182,-8.154739,-3.747759,4.371089,-0.033445,-0.021686,0.004734,32.49,64.031833253283
44192,-8.163115,-3.762115,4.36391,-0.032681,-0.018784,0.005192,32.53,64.103019166085
44202,-8.166704,-3.756134,4.380062,-0.031918,-0.016646,0.007636,32.53,64.0216623527495
44212,-8.164311,-3.75733,4.374678,-0.030238,-0.013439,0.009316,32.5,64.045202459889
44222,-8.156534,-3.754937,4.373481,-0.030085,-0.011301,0.010996,32.5,64.0311275969274
44232,-8.166105,-3.761517,4.373481,-0.028558,-0.008399,0.012523,32.49,64.0598492501505
44242,-8.172686,-3.763312,4.373481,-0.027947,-0.005192,0.01405,32.49,64.0767057008977
44252,-8.172686,-3.763312,4.36391,-0.027489,-0.003512,0.015577,32.51,64.1260259661633
44262,-8.169096,-3.759723,4.378268,-0.026725,-0.000305,0.017257,32.51,64.0401176332036
44272,-8.173882,-3.761517,4.371687,-0.025962,0.001527,0.018479,32.5,64.0867878141699
44282,-8.17149,-3.762115,4.376472,-0.02642,0.004123,0.019853,32.5,64.0573255590273
44292,-8.180463,-3.768098,4.372883,-0.025198,0.008858,0.021991,32.47,64.1024644489036
44302,-8.176873,-3.753741,4.367499,-0.024893,0.011606,0.022449,32.49,64.1070414778538
44312,-8.186445,-3.763312,4.368098,-0.025351,0.012523,0.022297,32.49,64.1356764449406
44322,-8.193025,-3.759125,4.366901,-0.025198,0.013439,0.022755,32.47,64.1523985203266
44332,-8.188239,-3.760321,4.361517,-0.025198,0.014355,0.023824,32.47,64.1705224549788
44342,-8.195418,-3.759723,4.362714,-0.026267,0.015577,0.023213,32.52,64.1799982906511
44352,-8.199007,-3.76391,4.359723,-0.027336,0.016035,0.021686,32.52,64.2078673141454
44362,-8.203195,-3.759125,4.359125,-0.027336,0.015577,0.020769,32.5,64.2154529999337
44372,-8.212168,-3.762115,4.354938,-0.0281,0.014661,0.019242,32.5,64.2603639488479
44382,-8.210971,-3.758526,4.354339,-0.028711,0.013592,0.019242,32.5,64.2570376785298
44392,-8.220542,-3.764508,4.359125,-0.029169,0.013134,0.017104,32.5,64.260178850316
44402,-8.233105,-3.761517,4.354339,-0.030085,0.011606,0.016493,32.5,64.3099894379374
44412,-8.226524,-3.756732,4.348955,-0.030543,0.009774,0.014355,32.5,64.3179542329174
44422,-8.228318,-3.759723,4.348357,-0.031154,0.008399,0.014203,32.5,64.3281416977903
44432,-8.228318,-3.757928,4.353741,-0.031918,0.006414,0.013897,32.5,64.2986026769177
44442,-8.22473,-3.75733,4.341777,-0.033445,0.003665,0.010843,32.49,64.3514803837035
44452,-8.229516,-3.768098,4.339982,-0.034361,0.001527,0.008705,32.49,64.3825352753506
44462,-8.230114,-3.743571,4.339982,-0.034972,-0.003818,0.005498,32.46,64.3587265377493
44472,-8.234302,-3.753142,4.344768,-0.03711,-0.006567,0.003665,32.48,64.3533097977526
44482,-8.227122,-3.753142,4.338188,-0.038026,-0.009468,0.002443,32.48,64.3710430773755
44492,-8.228917,-3.74716,4.351348,-0.039095,-0.01237,0.000764,32.48,64.3012004189186
44502,-8.230114,-3.753142,4.342973,-0.040012,-0.01573,-0.001527,32.48,64.3531317988442
44512,-8.236693,-3.754339,4.339982,-0.040775,-0.01909,-0.00336,32.5,64.3845359302692
44522,-8.22772,-3.756134,4.337589,-0.041692,-0.021686,-0.004276,32.5,64.3785410059624
44532,-8.222935,-3.751946,4.348955,-0.042455,-0.023976,-0.004581,32.5,64.3049517521876
44542,-8.227122,-3.75733,4.346562,-0.042302,-0.026114,-0.005192,32.5,64.3322286139907
44552,-8.213365,-3.757928,4.338786,-0.04215,-0.028253,-0.006414,32.54,64.3419312380204
44562,-8.218149,-3.74716,4.348357,-0.042455,-0.030085,-0.006872,32.54,64.29231850133
44572,-8.203195,-3.752544,4.336991,-0.042455,-0.032376,-0.00672,32.53,64.3227186973721
44582,-8.209774,-3.748955,4.339982,-0.04215,-0.033292,-0.006414,32.53,64.318431437707
44592,-8.206185,-3.747759,4.353741,-0.041997,-0.034361,-0.00733,32.47,64.2381828624251
44602,-8.197212,-3.749553,4.351946,-0.04215,-0.035583,-0.008094,32.47,64.2289883604302
44612,-8.199606,-3.745964,4.350152,-0.042608,-0.036499,-0.006872,32.48,64.2399412778938
44622,-8.186445,-3.754937,4.355535,-0.041539,-0.035736,-0.006414,32.48,64.19168679332
44632,-8.188239,-3.748955,4.358526,-0.041844,-0.036041,-0.003818,32.49,64.1741194145885
44642,-8.182258,-3.759125,4.353741,-0.040775,-0.033903,-0.003665,32.45,64.1958060763695
44652,-8.177471,-3.751348,4.360321,-0.040012,-0.033292,-0.002138,32.45,64.1429102221237
44662,-8.169695,-3.751348,4.367499,-0.038943,-0.031918,-0.001069,32.51,64.0882113274597
44672,-8.177471,-3.745964,4.365107,-0.038179,-0.02978,0.000611,32.51,64.1126210057378
44682,-8.161918,-3.749553,4.366901,-0.036957,-0.027947,0.001527,32.48,64.0717018025754
44692,-8.180463,-3.761517,4.375875,-0.035736,-0.025962,0.002749,32.48,64.0801822042356
44702,-8.163713,-3.756134,4.372285,-0.035888,-0.023671,0.003818,32.47,64.0549207448285
44712,-8.166105,-3.759125,4.365107,-0.036041,-0.021533,0.005803,32.47,64.1005136976078
44722,-8.163115,-3.757928,4.375276,-0.034819,-0.018631,0.007636,32.48,64.0400218196627
44732,-8.154739,-3.764508,4.361517,-0.033598,-0.015882,0.008705,32.48,64.098821794227
44742,-8.164909,-3.759723,4.375276,-0.033292,-0.012981,0.01069,32.49,64.0459934082628
44752,-8.167302,-3.754937,4.377071,-0.032529,-0.010385,0.012065,32.49,64.0371793035483
44762,-8.153543,-3.766303,4.358526,-0.031918,-0.007483,0.013286,32.45,64.1134280612231
44772,-8.164311,-3.759125,4.369893,-0.03146,-0.00336,0.01573,32.45,64.0717509997027
44782,-8.16132,-3.754937,4.362116,-0.031765,-0.000764,0.018326,32.48,64.1006696493465
44792,-8.169096,-3.760919,4.375276,-0.030543,0.001833,0.019395,32.48,64.0567832911915
44802,-8.176275,-3.760919,4.367499,-0.029932,0.00504,0.019242,32.48,64.1131788116758
44812,-8.17448,-3.756134,4.365107,-0.029169,0.008858,0.022144,32.49,64.1164294526601
44822,-8.168499,-3.762714,4.371687,-0.028711,0.010079,0.023366,32.49,64.0757978750569
44832,-8.18764,-3.756134,4.370491,-0.029016,0.012523,0.023671,32.48,64.1185870700635
44842,-8.185248,-3.763312,4.367499,-0.028863,0.013286,0.022907,32.48,64.1360458733946
44852,-8.189436,-3.760321,4.358526,-0.028253,0.015424,0.023671,32.49,64.1886445937912
44862,-8.187043,-3.754339,4.35733,-0.028405,0.016646,0.023976,32.49,64.1831667163967
44872,-8.188837,-3.756134,4.356732,-0.028711,0.016646,0.023976,32.44,64.1921804506253
44882,-8.204391,-3.759723,4.354938,-0.029169,0.016646,0.024282,32.44,64.2403336059167
44892,-8.212766,-3.757928,4.358526,-0.029169,0.016952,0.023824,32.5,64.2389227774055
44902,-8.206783,-3.75733,4.352544,-0.029627,0.016341,0.023213,32.5,64.2555893702702
44912,-8.204391,-3.754937,4.354339,-0.030849,0.014813,0.021991,32.48,64.2384658780697
44922,-8.220542,-3.757928,4.353741,-0.031918,0.01405,0.020311,32.48,64.2810856802282
44932,-8.22772,-3.750151,4.345366,-0.03207,0.012217,0.019395,32.47,64.332359318495
44942,-8.225926,-3.746562,4.343571,-0.03207,0.01069,0.017868,32.47,64.3338801314261
44952,-8.229516,-3.756134,4.344768,-0.03375,0.008399,0.015424,32.5,64.3456176458895
44962,-8.220542,-3.750151,4.343571,-0.034514,0.006567,0.015272,32.5,64.325438059302
44972,-8.2349,-3.750151,4.335794,-0.035736,0.003665,0.013286,32.5,64.3977855987491
44982,-8.23131,-3.756134,4.341179,-0.038637,-0.002902,0.009621,32.5,64.3681228484664
44992,-8.234302,-3.762714,4.339384,-0.039401,-0.005345,0.008094,32.47,64.3908257658295
45002,-8.239087,-3.758526,4.343571,-0.040012,-0.008247,0.007483,32.48,64.3757306832025
45012,-8.233105,-3.745964,4.338188,-0.041233,-0.01237,0.004123,32.48,64.3771417182816
45022,-8.235497,-3.749553,4.337589,-0.041539,-0.015424,0.002902,32.48,64.3892720642317
45032,-8.243872,-3.752544,4.34417,-0.042913,-0.018479,0.001527,32.48,64.3772719617665
45042,-8.224131,-3.754339,4.331009,-0.042913,-0.021686,-0.000305,32.5,64.4025399592928
45052,-8.231908,-3.739982,4.341179,-0.043066,-0.02474,-0.00168,32.5,64.3529276203696
45062,-8.231908,-3.752544,4.338786,-0.043371,-0.028405,-0.00336,32.48,64.3781072069475
45072,-8.224131,-3.751348,4.348357,-0.043982,-0.031154,-0.004123,32.48,64.3101098772773
45082,-8.22473,-3.756732,4.345964,-0.043982,-0.033598,-0.005498,32.5,64.3293097896696
45092,-8.213365,-3.753741,4.347161,-0.04383,-0.035736,-0.006414,32.5,64.2944639664251
45102,-8.214561,-3.75075,4.343571,-0.043982,-0.036805,-0.006872,32.5,64.3125750715191
45112,-8.209177,-3.755535,4.359723,-0.043982,-0.038026,-0.008399,32.5,64.2221817600645
45122,-8.209177,-3.762714,4.348955,-0.043524,-0.039248,-0.008705,32.53,64.2850407474354
45132,-8.198408,-3.756732,4.354339,-0.043524,-0.040012,-0.009163,32.53,64.2267976192131
45142,-8.200802,-3.756134,4.35733,-0.04383,-0.040317,-0.009621,32.52,64.2161853791266
45152,-8.200203,-3.755535,4.356732,-0.043066,-0.040164,-0.009927,32.52,64.2172898437181
45162,-8.192427,-3.752544,4.35075,-0.041692,-0.039095,-0.008399,32.48,64.2274230780596
45172,-8.173284,-3.757928,4.366303,-0.041081,-0.037415,-0.00733,32.5,64.1094198511757
45182,-8.175676,-3.747759,4.374678,-0.040164,-0.036041,-0.006567,32.5,64.061080945441
45192,-8.166704,-3.75733,4.369295,-0.040012,-0.034972,-0.005956,32.5,64.0784013663106
45202,-8.158927,-3.762714,4.370491,-0.038943,-0.03207,-0.005803,32.5,64.060172406736
45212,-8.163115,-3.771089,4.371089,-0.037415,-0.029016,-0.003818,32.5,64.0754206865188
45222,-8.172686,-3.765705,4.366901,-0.03711,-0.027642,-0.002596,32.5,64.1131127335974
45232,-8.167302,-3.762115,4.362714,-0.036194,-0.023671,-0.000458,32.48,64.1187082300062
45242,-8.173882,-3.754937,4.377071,-0.034972,-0.020311,0.001985,32.48,64.0521709916191
45252,-8.164311,-3.748357,4.372883,-0.03375,-0.017868,0.00336,32.52,64.045052044084
45262,-8.15773,-3.758526,4.372883,-0.032987,-0.014355,0.00672,32.52,64.0407098005313
45272,-8.160124,-3.760919,4.375875,-0.031154,-0.011301,0.008552,32.5,64.0332569463687
45282,-8.164311,-3.760321,4.372883,-0.030543,-0.007483,0.010996,32.5,64.0575914636038
45292,-8.155936,-3.760919,4.378268,-0.030085,-0.004429,0.013286,32.51,64.0113706120926
45302,-8.154739,-3.765106,4.372883,-0.029016,-0.001069,0.014966,32.51,64.0408097125189
45312,-8.163713,-3.761517,4.372883,-0.027184,0.002291,0.016341,32.51,64.0574843343563
45322,-8.167302,-3.757928,4.372883,-0.02642,0.005192,0.021838,32.51,64.0618943730794
45332,-8.175079,-3.766901,4.367499,-0.025351,0.01069,0.022907,32.5,64.1167172653163
45342,-8.17149,-3.76391,4.368696,-0.024129,0.013134,0.02474,32.51,64.0992657806142
45352,-8.173284,-3.764508,4.362714,-0.024435,0.014966,0.025504,32.51,64.134800299638
45362,-8.181061,-3.76391,4.363312,-0.024435,0.016493,0.026573,32.48,64.1487407791504
45372,-8.193623,-3.766901,4.360321,-0.024282,0.017868,0.02642,32.48,64.1957188880845
45382,-8.191828,-3.757928,4.361517,-0.023976,0.018631,0.026725,32.46,64.1761660891779
45392,-8.195418,-3.76391,4.361517,-0.023976,0.0197,0.028405,32.46,64.1905120906014
45402,-8.199007,-3.759723,4.35733,-0.02474,0.020159,0.027794,32.53,64.2158456672329
45412,-8.204391,-3.759125,4.359125,-0.02474,0.020006,0.027031,32.53,64.2181568398428
45422,-8.195418,-3.756732,4.351348,-0.025045,0.020006,0.025809,32.55,64.2354492383004
45432,-8.196015,-3.756732,4.348955,-0.025962,0.01909,0.02642,32.55,64.2491349363309
45442,-8.213962,-3.761517,4.352544,-0.025962,0.017868,0.025198,32.48,64.2761141303452
45452,-8.225328,-3.758526,4.35075,-0.027184,0.016799,0.023671,32.48,64.3078710938231
45462,-8.226524,-3.754339,4.349553,-0.027642,0.014813,0.021991,32.5,64.3124178396383
45472,-8.235497,-3.749553,4.351348,-0.028558,0.012981,0.020617,32.5,64.3184725772752
45482,-8.222337,-3.751946,4.345964,-0.029474,0.010996,0.018937,32.52,64.3190026966088
45492,-8.235497,-3.744169,4.347161,-0.029932,0.008399,0.017257,32.52,64.3344971698576
45502,-8.235497,-3.75075,4.331607,-0.031612,0.002902,0.012523,32.48,64.4213029393486
45512,-8.240283,-3.751348,4.335197,-0.032987,-0.000611,0.010079,32.51,64.4141650103236
45522,-8.234302,-3.75075,4.347759,-0.03375,-0.004581,0.007636,32.51,64.3354704053957
45532,-8.239684,-3.750151,4.35075,-0.034972,-0.006414,0.004581,32.51,64.3315798659538
45542,-8.234302,-3.741776,4.335794,-0.035125,-0.010385,0.002138,32.51,64.3878817746403
45552,-8.236693,-3.735795,4.338786,-0.035736,-0.013439,0.000153,32.48,64.3717422964498
45562,-8.239087,-3.742374,4.348357,-0.036346,-0.017104,-0.00168,32.48,64.3345881300919
45572,-8.236095,-3.744169,4.347759,-0.037568,-0.019853,-0.004276,32.48,64.3327663773113
45582,-8.23131,-3.744169,4.337589,-0.03879,-0.022602,-0.006109,32.48,64.3743544345528
45592,-8.230712,-3.743571,4.34058,-0.039554,-0.025656,-0.008399,32.47,64.3569924833443
45602,-8.225328,-3.755535,4.336991,-0.040317,-0.027794,-0.010385,32.47,64.3756311610312
45612,-8.219346,-3.75075,4.347161,-0.040164,-0.029474,-0.011759,32.51,64.3048696125967
45622,-8.213962,-3.756732,4.345964,-0.041233,-0.03146,-0.013897,32.51,64.3050587138327
45632,-8.213365,-3.75075,4.342375,-0.040775,-0.033598,-0.013439,32.48,64.3160418182757
45642,-8.206185,-3.744768,4.348955,-0.040623,-0.034819,-0.015119,32.48,64.2597559380711
45652,-8.210373,-3.746562,4.348357,-0.041081,-0.036652,-0.015119,32.48,64.2741505166372
45662,-8.204391,-3.74716,4.353741,-0.041233,-0.037721,-0.015119,32.48,64.2335066260597
45672,-8.193623,-3.750151,4.347759,-0.040775,-0.038026,-0.014203,32.47,64.2430747933503
45682,-8.193623,-3.748955,4.360321,-0.039095,-0.036957,-0.013439,32.49,64.177078514116
45692,-8.196614,-3.762714,4.356134,-0.038943,-0.036652,-0.012981,32.49,64.2196977400139
45702,-8.17807,-3.759125,4.354339,-0.038332,-0.036805,-0.012523,32.54,64.1832287039192
45712,-8.172686,-3.760919,4.365705,-0.037568,-0.035277,-0.010537,32.54,64.114270207018
45722,-8.170892,-3.754937,4.370491,-0.037263,-0.033598,-0.007941,32.5,64.0792646330851
45732,-8.170892,-3.76391,4.369295,-0.03543,-0.030849,-0.006414,32.5,64.0948196098308
45742,-8.160722,-3.762115,4.36391,-0.035125,-0.029169,-0.00504,32.49,64.0975752032271
45752,-8.166105,-3.755535,4.369893,-0.033445,-0.026725,-0.001527,32.49,64.0720743844548
45762,-8.163713,-3.756134,4.371089,-0.032987,-0.023976,-0.000458,32.5,64.0610869569917
45772,-8.164311,-3.763312,4.361517,-0.032223,-0.020922,0.000916,32.5,64.1193380688902
45782,-8.159525,-3.766303,4.371687,-0.031001,-0.018631,0.003054,32.51,64.0591388088781
45792,-8.156534,-3.756732,4.383053,-0.029016,-0.014966,0.005651,32.51,63.9836702700587
45802,-8.161918,-3.759723,4.379463,-0.027794,-0.011301,0.007636,32.5,64.0176011943496
45812,-8.167302,-3.760919,4.375875,-0.027642,-0.008552,0.009468,32.5,64.049612414593
45822,-8.154141,-3.765106,4.371687,-0.027184,-0.005498,0.011606,32.51,64.0456145947676
45832,-8.148159,-3.764508,4.371089,-0.026878,-0.002596,0.013286,32.51,64.034430134983
45842,-8.159525,-3.769294,4.372883,-0.026267,0.00168,0.015882,32.5,64.0561180277371
45852,-8.170892,-3.759125,4.38066,-0.02474,0.00672,0.016646,32.49,64.0312641786329
45862,-8.169695,-3.763312,4.374678,-0.023824,0.008705,0.017257,32.49,64.0637355504313
45872,-8.17448,-3.756134,4.369893,-0.023824,0.011912,0.018479,32.46,64.0917618450552
45882,-8.17807,-3.755535,4.367499,-0.023976,0.013897,0.019395,32.46,64.1116348460056
45892,-8.179267,-3.766303,4.370491,-0.023671,0.016646,0.019853,32.53,64.1101885316139
45902,-8.186445,-3.760919,4.366303,-0.024435,0.018021,0.020617,32.53,64.1424255691063
45912,-8.193623,-3.768098,4.36391,-0.024587,0.019242,0.020464,32.51,64.1784855998106
45922,-8.188239,-3.77049,4.362714,-0.024282,0.020464,0.019548,32.51,64.1749486739953
45932,-8.204391,-3.760321,4.360321,-0.024282,0.020464,0.0197,32.5,64.2132394677022
45942,-8.195418,-3.765106,4.356732,-0.024282,0.021075,0.018937,32.5,64.2163969800656
45952,-8.206185,-3.759125,4.359723,-0.025045,0.02138,0.018021,32.49,64.2191337818923
45962,-8.209177,-3.762714,4.346562,-0.025351,0.020617,0.018326,32.49,64.2973665924738
45972,-8.201998,-3.759723,4.354339,-0.025351,0.019548,0.01741,32.46,64.2380119680587
45982,-8.228318,-3.766303,4.346562,-0.02642,0.018631,0.016341,32.46,64.3441412351029
45992,-8.221739,-3.762115,4.345366,-0.026114,0.017257,0.016035,32.5,64.3311954468503
46002,-8.217552,-3.762115,4.351348,-0.027031,0.015424,0.014661,32.5,64.2909782884735
46012,-8.206185,-3.759125,4.338188,-0.027642,0.01405,0.013592,32.55,64.3300768630431
46022,-8.225328,-3.74716,4.338188,-0.028863,0.007941,0.009163,32.55,64.3608743006486
46032,-8.235497,-3.756732,4.346562,-0.029474,0.004887,0.008399,32.5,64.3504454370673
46042,-8.230114,-3.760919,4.337589,-0.030085,0.001985,0.007636,32.52,64.3888260644637
46052,-8.228318,-3.754339,4.342375,-0.030849,-0.001374,0.006109,32.52,64.3533993569485
46062,-8.236693,-3.753142,4.329813,-0.03146,-0.004887,0.003665,32.44,64.435671314493
46072,-8.223534,-3.755535,4.338786,-0.032681,-0.008705,0.001985,32.44,64.3623512522355
46082,-8.235497,-3.75733,4.339384,-0.03375,-0.011148,0.001833,32.5,64.3879907164204
46092,-8.225926,-3.74716,4.339384,-0.033598,-0.014355,0.000611,32.5,64.3560585326509
46102,-8.233105,-3.751348,4.34058,-0.033903,-0.016952,-0.001527,32.49,64.3703359312471
46112,-8.221141,-3.742973,4.349553,-0.034819,-0.020311,-0.002291,32.49,64.288606109449
46122,-8.22473,-3.753142,4.343571,-0.034972,-0.023366,-0.003665,32.49,64.3379409693108
46132,-8.216953,-3.759723,4.338786,-0.035736,-0.026267,-0.00504,32.49,64.3518547660215
46142,-8.229516,-3.752544,4.348955,-0.03543,-0.027794,-0.004887,32.52,64.3203872663432
46152,-8.210373,-3.751348,4.345366,-0.036194,-0.030238,-0.006261,32.52,64.2944959376827
46162,-8.206783,-3.749553,4.345366,-0.036652,-0.031918,-0.005956,32.47,64.2845417580153
46172,-8.199606,-3.745964,4.351946,-0.036194,-0.032987,-0.00672,32.47,64.230693392639
46182,-8.200203,-3.754339,4.356134,-0.036194,-0.034361,-0.00733,32.43,64.2191312285863
46192,-8.191828,-3.746562,4.360321,-0.036957,-0.035125,-0.007025,32.43,64.1705252980784
46202,-8.191828,-3.75733,4.354938,-0.036194,-0.036041,-0.007483,32.54,64.2094429643962
46212,-8.187043,-3.74716,4.358526,-0.036194,-0.035736,-0.007636,32.46,64.1695416954554
46222,-8.194819,-3.751946,4.362116,-0.035736,-0.035277,-0.00672,32.46,64.1736461611084
46232,-8.182856,-3.759125,4.354938,-0.034208,-0.034056,-0.005498,32.46,64.1909882498546
46242,-8.182258,-3.754339,4.366901,-0.034208,-0.032376,-0.004734,32.46,64.1229842845614
46252,-8.164909,-3.752544,4.368098,-0.033445,-0.030696,-0.004581,32.49,64.0754744575235
46262,-8.160124,-3.754937,4.366901,-0.032681,-0.029322,-0.002443,32.49,64.0732547588903
46272,-8.170293,-3.753741,4.369893,-0.031765,-0.027031,-0.00168,32.48,64.0797324920598
46282,-8.172088,-3.753741,4.367499,-0.03146,-0.02474,-0.000153,32.48,64.0961586337762
46292,-8.167302,-3.75733,4.365705,-0.030391,-0.022755,0.000611,32.48,64.0982735813952
46302,-8.163115,-3.766303,4.37408,-0.029169,-0.019395,0.002443,32.48,64.0549782562573
46312,-8.166704,-3.762115,4.368696,-0.028405,-0.01573,0.004887,32.51,64.0865025722749
46322,-8.145168,-3.768696,4.375875,-0.028405,-0.012828,0.005803,32.51,64.0073335587104
46332,-8.161918,-3.755535,4.381856,-0.027336,-0.009774,0.00733,32.49,64.0008733471909
46342,-8.16132,-3.753142,4.369295,-0.027031,-0.007789,0.007789,32.49,64.0617489298627
46352,-8.164909,-3.763312,4.362714,-0.025809,-0.004123,0.009774,32.45,64.114522511059
46362,-8.170892,-3.757928,4.367499,-0.025504,-0.000153,0.012217,32.45,64.0978156942508
46372,-8.173284,-3.762714,4.366901,-0.025504,0.005498,0.01237,32.52,64.1113417653249
46382,-8.17149,-3.753142,4.375276,-0.024587,0.007636,0.013744,32.5,64.0540911019777
46392,-8.1679,-3.764508,4.369893,-0.024435,0.010079,0.015119,32.5,64.0855610944447
46402,-8.173284,-3.760321,4.364508,-0.024282,0.012065,0.016035,32.51,64.1211743144047
46412,-8.184649,-3.754339,4.366901,-0.023824,0.01405,0.016799,32.51,64.1284145061346
46422,-8.187043,-3.762115,4.367499,-0.023671,0.014966,0.01741,32.48,64.1388692507933
46432,-8.192427,-3.769294,4.365705,-0.023976,0.016188,0.018173,32.48,64.167784012647
46442,-8.190632,-3.754937,4.362116,-0.023976,0.017257,0.018479,32.47,64.1672612194621
46452,-8.194819,-3.761517,4.358526,-0.024587,0.017715,0.018479,32.47,64.2020736370683
46462,-8.204391,-3.759125,4.36391,-0.024282,0.018479,0.01909,32.51,64.1935297571133
46472,-8.200802,-3.761517,4.358526,-0.023824,0.018631,0.019242,32.51,64.2156060530135
46482,-8.205587,-3.752544,4.352544,-0.023671,0.01741,0.019548,32.45,64.2479405541163
46492,-8.21157,-3.742374,4.356732,-0.024282,0.017104,0.018326,32.45,64.2294015076664
46502,-8.219346,-3.762115,4.354938,-0.025045,0.016341,0.017715,32.49,64.2765483857536
46512,-8.216953,-3.754937,4.356134,-0.025198,0.014661,0.017104,32.49,64.2575951948006
46522,-8.218149,-3.754937,4.352544,-0.026573,0.013592,0.016341,32.48,64.2787684964499
46532,-8.229516,-3.752544,4.35075,-0.027031,0.012217,0.014355,32.48,64.3111523712107
46542,-8.216354,-3.75733,4.347161,-0.027184,0.007483,0.011148,32.46,64.3049008156151
46552,-8.238488,-3.749553,4.342973,-0.028253,0.005345,0.009927,32.53,64.3682798449706
46562,-8.228318,-3.754937,4.34058,-0.029627,0.002749,0.008247,32.53,64.3632545908688
46572,-8.239087,-3.746562,4.347759,-0.030696,-0.000916,0.006261,32.49,64.3419462123632
46582,-8.239684,-3.75733,4.348357,-0.031154,-0.003512,0.004429,32.49,64.3512341980433
46592,-8.236693,-3.753142,4.341777,-0.032529,-0.006414,0.002443,32.49,64.3740732848969
46602,-8.23131,-3.754937,4.345964,-0.033292,-0.008858,0.001374,32.49,64.3422689507103
46612,-8.221739,-3.747759,4.338786,-0.033598,-0.012065,-0.001374,32.46,64.3503290448281
46622,-8.2349,-3.762714,4.332206,-0.034208,-0.015272,-0.002596,32.46,64.4291181484892
46632,-8.236693,-3.75733,4.335197,-0.034514,-0.018173,-0.004123,32.54,64.4122270041662
46642,-8.219346,-3.758526,4.337589,-0.034819,-0.020922,-0.006414,32.54,64.3621736497688
46652,-8.22473,-3.748955,4.346562,-0.035125,-0.023518,-0.007789,32.52,64.3182415531229
46662,-8.217552,-3.756732,4.345366,-0.03543,-0.026267,-0.008858,32.52,64.3162276821472
46672,-8.218149,-3.752544,4.339384,-0.035736,-0.0281,-0.009927,32.46,64.3440797513349
46682,-8.216354,-3.760321,4.34417,-0.035736,-0.02978,-0.011301,32.46,64.3233864687935
46692,-8.214561,-3.753142,4.341777,-0.036194,-0.032223,-0.012828,32.5,64.324281863632
46702,-8.208578,-3.758526,4.347161,-0.036346,-0.032529,-0.01237,32.5,64.2886042887335
46712,-8.193025,-3.762115,4.359723,-0.035888,-0.034361,-0.013286,32.5,64.1924693638997
46722,-8.194819,-3.751946,4.348357,-0.035736,-0.034208,-0.01237,32.46,64.2445557077119
46732,-8.195418,-3.760321,4.36391,-0.034819,-0.033598,-0.012523,32.46,64.1744617653715
46742,-8.175079,-3.759723,4.363312,-0.034972,-0.033598,-0.01237,32.51,64.1307926216837
46752,-8.196614,-3.753142,4.356732,-0.034056,-0.032987,-0.01237,32.51,64.2066880213403
46762,-8.170892,-3.756732,4.358526,-0.033292,-0.031001,-0.009774,32.48,64.1428403725738
46772,-8.179864,-3.762115,4.363312,-0.033445,-0.02978,-0.008705,32.48,64.1441522294288
46782,-8.17807,-3.762115,4.373481,-0.033445,-0.027336,-0.008247,32.48,64.0876938113843
46792,-8.175676,-3.756732,4.365107,-0.032681,-0.025351,-0.006261,32.48,64.1197720340092
46802,-8.161918,-3.764508,4.372285,-0.031307,-0.02306,-0.005192,32.46,64.0596190666172
46812,-8.168499,-3.753741,4.378268,-0.030238,-0.019853,-0.004123,32.46,64.032487964375
46822,-8.160722,-3.756134,4.377669,-0.029932,-0.01741,-0.002443,32.46,64.0203481730714
46832,-8.16132,-3.766901,4.365705,-0.029474,-0.014813,-0.000458,32.46,64.0946983864307
46842,-8.158927,-3.778267,4.362116,-0.0281,-0.011454,0.001374,32.48,64.119713770791
46852,-8.149356,-3.771687,4.366901,-0.027489,-0.008247,0.003207,32.48,64.0663343070728
46862,-8.165507,-3.762115,4.374678,-0.027184,-0.005651,0.004429,32.51,64.0529466054622
46872,-8.173284,-3.76391,4.373481,-0.026267,-0.002291,0.007025,32.51,64.0786917956468
46882,-8.152347,-3.751946,4.364508,-0.02642,0.000916,0.010843,32.44,64.0647377031288
46892,-8.152946,-3.764508,4.368696,-0.024129,0.005803,0.012675,32.47,64.057690653311
46902,-8.172088,-3.76391,4.36391,-0.023976,0.008399,0.013592,32.47,64.1252932804622
46912,-8.165507,-3.763312,4.362116,-0.023366,0.011301,0.016799,32.49,64.1189664930144
46922,-8.170892,-3.758526,4.359125,-0.022907,0.012828,0.018326,32.49,64.1416243275525
46932,-8.17807,-3.763312,4.370491,-0.022449,0.013897,0.018937,32.48,64.1043435961679
46942,-8.165507,-3.778865,4.366901,-0.02138,0.016341,0.021075,32.48,64.1106102438221
46952,-8.187043,-3.766303,4.356134,-0.020769,0.017715,0.022297,32.5,64.2017777420068
46962,-8.191828,-3.766303,4.359723,-0.020769,0.017868,0.023366,32.5,64.1941153321106
46972,-8.193025,-3.765705,4.353741,-0.021228,0.018631,0.023824,32.48,64.2270183836798
46982,-8.205587,-3.769294,4.351946,-0.020769,0.018784,0.024129,32.48,64.2683511039049
46992,-8.193025,-3.762115,4.342375,-0.020159,0.018479,0.023824,32.46,64.2818919313419
47002,-8.200203,-3.755535,4.350152,-0.020617,0.017562,0.023518,32.46,64.2511914356101
47012,-8.213962,-3.765106,4.349553,-0.02138,0.016493,0.023976,32.45,64.2952167524704
47022,-8.219944,-3.741776,4.352544,-0.021991,0.016188,0.023671,32.45,64.2692744173697
47032,-8.212168,-3.756134,4.35075,-0.022297,0.015272,0.021686,32.5,64.2757476054604
47042,-8.223534,-3.756134,4.348357,-0.022144,0.013134,0.021075,32.5,64.3136855081636
47052,-8.238488,-3.751348,4.338786,-0.022907,0.011606,0.020159,32.52,64.3916622498909
47062,-8.23789,-3.75075,4.342375,-0.025198,0.007636,0.016952,32.48,64.3712375453181
47072,-8.226524,-3.745365,4.350152,-0.025351,0.005192,0.014355,32.48,64.3001193882487
47082,-8.239087,-3.750151,4.342375,-0.027642,0.001222,0.012523,32.52,64.3733140588905
47092,-8.240881,-3.752544,4.346562,-0.028863,-0.001222,0.010079,32.52,64.3582539130859
47102,-8.23131,-3.750151,4.342973,-0.029169,-0.004123,0.007483,32.5,64.3527554895066
47112,-8.22473,-3.75075,4.341777,-0.030543,-0.00672,0.004887,32.5,64.344723517913
47122,-8.242676,-3.755535,4.348357,-0.031918,-0.009468,0.002596,32.5,64.3561165966697
47132,-8.238488,-3.757928,4.349553,-0.033292,-0.012217,0.000611,32.5,64.3430109869041
47142,-8.239087,-3.754937,4.350152,-0.033445,-0.015272,-0.002596,32.52,64.3382128528402
47152,-8.235497,-3.753741,4.345964,-0.034819,-0.016952,-0.004123,32.52,64.3504563896296
47162,-8.226524,-3.743571,4.34058,-0.035736,-0.020159,-0.005803,32.48,64.3475653303419
47172,-8.22772,-3.750151,4.345964,-0.035736,-0.023518,-0.007636,32.48,64.3292810638571
47182,-8.219346,-3.744169,4.344768,-0.036194,-0.025504,-0.00901,32.48,64.3104298128149
47192,-8.216953,-3.751348,4.342375,-0.036041,-0.027947,-0.011301,32.48,64.3247441199382
47202,-8.215756,-3.739383,4.348357,-0.036499,-0.02978,-0.011606,32.49,64.2789192354274
47212,-8.208578,-3.757928,4.348955,-0.037263,-0.030391,-0.012065,32.49,64.2787448349057
47222,-8.199007,-3.743571,4.353143,-0.036346,-0.032529,-0.012981,32.48,64.2206929629697
47232,-8.20798,-3.745964,4.352544,-0.036499,-0.034361,-0.01405,32.48,64.2465548241987
47242,-8.199007,-3.744768,4.353143,-0.036805,-0.034514,-0.013439,32.48,64.2219307583253
47252,-8.194819,-3.751946,4.356134,-0.036194,-0.034056,-0.012675,32.53,64.2044650810599
47262,-8.184649,-3.752544,4.357928,-0.036346,-0.034514,-0.012217,32.53,64.1727888725391
47272,-8.177471,-3.75733,4.360919,-0.035583,-0.033139,-0.012217,32.48,64.146063704634
47282,-8.176275,-3.755535,4.365705,-0.035277,-0.032529,-0.010996,32.48,64.1168011439499
47292,-8.185846,-3.763312,4.370491,-0.034819,-0.031765,-0.009774,32.53,64.1219972380223
47302,-8.168499,-3.751348,4.367499,-0.035125,-0.030238,-0.008399,32.53,64.085488309808
47312,-8.175676,-3.75733,4.382454,-0.034667,-0.027336,-0.007636,32.5,64.0310467799478
47322,-8.166105,-3.759723,4.36391,-0.034667,-0.02474,-0.006261,32.5,64.107313618373
47332,-8.154739,-3.768696,4.366901,-0.034514,-0.022449,-0.004276,32.47,64.075441090255
47342,-8.164311,-3.748955,4.366901,-0.033903,-0.020311,-0.002443,32.47,64.0765297121243
47352,-8.164909,-3.766303,4.375276,-0.033139,-0.017868,-0.001222,32.5,64.0528997575072
47362,-8.17448,-3.753741,4.37408,-0.032376,-0.01405,0.001069,32.5,64.0676880149093
47372,-8.163713,-3.762115,4.371687,-0.031918,-0.010385,0.003818,32.51,64.0642767020522
47382,-8.154141,-3.765705,4.368098,-0.03146,-0.008399,0.005345,32.51,64.0647576535342
47392,-8.161918,-3.769294,4.371687,-0.030238,-0.005803,0.006567,32.48,64.0677293032735
47402,-8.155338,-3.760919,4.369893,-0.029474,-0.002902,0.012065,32.48,64.0531925306175
47412,-8.160124,-3.766303,4.372883,-0.028253,0.003665,0.013592,32.51,64.0543372469185
47422,-8.166105,-3.766901,4.368098,-0.026878,0.006414,0.015882,32.53,64.0932405967377
47432,-8.1679,-3.759723,4.371089,-0.025809,0.00901,0.018021,32.53,64.0743825921704
47442,-8.172686,-3.77049,4.364508,-0.024435,0.011606,0.019395,32.49,64.1304544992374
47452,-8.172686,-3.75075,4.360919,-0.023518,0.012675,0.020769,32.49,64.128327413631
47462,-8.18764,-3.762115,4.368696,-0.024129,0.014966,0.021533,32.48,64.1340601610322
47472,-8.188837,-3.766901,4.369893,-0.023671,0.016646,0.022297,32.48,64.1356020246183
47482,-8.190632,-3.749553,4.357928,-0.023213,0.017562,0.021686,32.5,64.183249447271
47492,-8.201998,-3.768696,4.355535,-0.022907,0.018937,0.021838,32.5,64.2411538508135
47502,-8.182856,-3.756134,4.354339,-0.023366,0.019242,0.021686,32.47,64.19096434624
47512,-8.205587,-3.757928,4.362714,-0.023213,0.01909,0.021991,32.47,64.2011491221635
47522,-8.20798,-3.757928,4.364508,-0.023976,0.0197,0.021991,32.5,64.1973305208625
47532,-8.20798,-3.754339,4.350152,-0.023976,0.018937,0.021838,32.5,64.2675222938243
47542,-8.203793,-3.771687,4.353741,-0.025045,0.018479,0.021228,32.47,64.2575431313344
47552,-8.216354,-3.76391,4.353143,-0.025656,0.017715,0.01909,32.47,64.2808936539778
47562,-8.21157,-3.760919,4.345366,-0.026114,0.015424,0.017868,32.48,64.3070670857495
47572,-8.222935,-3.760919,4.34417,-0.02642,0.013439,0.016035,32.48,64.3388121147384
47582,-8.227122,-3.76391,4.342375,-0.027489,0.009163,0.013286,32.48,64.3605397934753
47592,-8.236095,-3.760919,4.332206,-0.028405,0.00672,0.011606,32.5,64.4299587505168
47602,-8.22772,-3.755535,4.337589,-0.028711,0.004276,0.011148,32.5,64.3779266010642
47612,-8.238488,-3.760321,4.34058,-0.030696,-0.000153,0.009774,32.48,64.3916108898426
47622,-8.235497,-3.751348,4.334,-0.031612,-0.00336,0.007178,32.48,64.4095887302679
47632,-8.243275,-3.744768,4.335794,-0.031612,-0.006109,0.006261,32.5,64.4110909774149
47642,-8.228917,-3.762115,4.335794,-0.032834,-0.009163,0.005192,32.5,64.3966093332713
47652,-8.226524,-3.746562,4.336392,-0.033139,-0.012981,0.002596,32.5,64.3722060025791
47662,-8.225328,-3.759723,4.338188,-0.034361,-0.016493,0.000611,32.5,64.3737651480048
47672,-8.23789,-3.748357,4.346562,-0.034972,-0.0197,-0.000611,32.49,64.3472476620605
47682,-8.229516,-3.746562,4.347161,-0.035583,-0.022602,-0.002291,32.49,64.3234826856661
47692,-8.222337,-3.755535,4.350152,-0.036194,-0.025198,-0.003054,32.46,64.3011349724203
47702,-8.23131,-3.74716,4.342375,-0.036194,-0.028558,-0.003971,32.46,64.3527699292382
47712,-8.215756,-3.75075,4.341179,-0.037721,-0.030849,-0.004429,32.53,64.3275945852975
47722,-8.216354,-3.752544,4.34417,-0.038179,-0.033139,-0.005498,32.53,64.3153771928476
47732,-8.213365,-3.755535,4.347759,-0.038637,-0.033598,-0.006414,32.51,64.2932332405987
47742,-8.2014,-3.761517,4.345964,-0.038179,-0.03543,-0.00733,32.51,64.2816708771126
47752,-8.199606,-3.756134,4.351348,-0.037568,-0.036499,-0.006414,32.52,64.2442986608595
47762,-8.193025,-3.747759,4.35733,-0.037721,-0.036957,-0.007636,32.48,64.189895376832
47772,-8.199606,-3.762714,4.356732,-0.037415,-0.036194,-0.007178,32.48,64.223381794156
47782,-8.192427,-3.760919,4.364508,-0.037415,-0.035736,-0.007178,32.52,64.1652295035327
47792,-8.178668,-3.763312,4.351946,-0.03711,-0.03543,-0.006567,32.52,64.2012926617779
47802,-8.175676,-3.753142,4.36391,-0.037721,-0.034208,-0.005498,32.48,64.1221956237733
47812,-8.173284,-3.752544,4.368098,-0.036499,-0.032834,-0.004887,32.48,64.0945412579969
47822,-8.181061,-3.759723,4.358526,-0.035888,-0.03146,-0.004887,32.51,64.1690420736009
47832,-8.166704,-3.758526,4.372285,-0.03543,-0.029169,-0.003054,32.51,64.0642413065597
47842,-8.179267,-3.760321,4.369295,-0.035736,-0.027184,-0.002443,32.51,64.1100980342164
47852,-8.173882,-3.769892,4.370491,-0.034514,-0.024282,-0.001527,32.51,64.1017165058157
47862,-8.164909,-3.758526,4.369295,-0.034972,-0.021838,-0.000305,32.52,64.0755679263418
47872,-8.158329,-3.759125,4.383053,-0.034972,-0.019395,0.000764,32.52,63.9902871200793
47882,-8.172686,-3.766303,4.377669,-0.033903,-0.016188,0.002596,32.49,64.0582722777396
47892,-8.167302,-3.757928,4.372285,-0.033139,-0.013439,0.00336,32.49,64.0649763881155
47902,-8.160722,-3.764508,4.371089,-0.033598,-0.010079,0.00504,32.43,64.0630614398821
47912,-8.169695,-3.761517,4.372883,-0.032987,-0.006872,0.00672,32.43,64.0711021234347
47922,-8.161918,-3.750151,4.378268,-0.032681,-0.001374,0.009774,32.52,64.0137112132624
47932,-8.166704,-3.762714,4.374678,-0.032223,0.001527,0.010996,32.49,64.0563005558837
47942,-8.172686,-3.767499,4.365705,-0.03207,0.004429,0.011301,32.49,64.1211542356018
47952,-8.172686,-3.767499,4.369893,-0.032223,0.007636,0.011759,32.52,64.0995739863056
47962,-8.185248,-3.754937,4.370491,-0.03146,0.00901,0.013286,32.52,64.1119078674668
47972,-8.17448,-3.762714,4.360919,-0.031001,0.011606,0.015272,32.47,64.1448947078844
47982,-8.17807,-3.766901,4.355535,-0.031154,0.013286,0.015272,32.47,64.1851701220396
47992,-8.182856,-3.755535,4.361517,-0.030085,0.014813,0.016799,32.46,64.1533327128972
48002,-8.187043,-3.755535,4.354938,-0.02978,0.016341,0.017257,32.46,64.1967414765985
48012,-8.190034,-3.759723,4.357928,-0.030238,0.01741,0.017868,32.46,64.1924584871046
48022,-8.200802,-3.759125,4.35733,-0.029932,0.018631,0.017715,32.46,64.2192847676306
48032,-8.188239,-3.755535,4.349553,-0.029474,0.019395,0.018631,32.45,64.2272195002787
48042,-8.194221,-3.760321,4.351348,-0.028711,0.019242,0.01909,32.45,64.236464738228
48052,-8.200203,-3.759125,4.349553,-0.028558,0.018784,0.01909,32.52,64.2579949652158
48062,-8.191828,-3.753741,4.344768,-0.028558,0.018021,0.019853,32.52,64.258162113831
48072,-8.19781,-3.751946,4.345366,-0.027642,0.016341,0.0197,32.43,64.2667432351198
48082,-8.19781,-3.760321,4.348357,-0.027184,0.014508,0.019395,32.43,64.2599925866092
48092,-8.212766,-3.756134,4.349553,-0.027489,0.012828,0.018631,32.46,64.2832607280058
48102,-8.225926,-3.754937,4.335197,-0.028863,0.008247,0.01741,32.51,64.3856037985495
48112,-8.218747,-3.75075,4.335794,-0.029322,0.005803,0.017104,32.51,64.3620850968806
48122,-8.232506,-3.750151,4.328616,-0.028863,0.003054,0.015119,32.51,64.4293897300154
48132,-8.22473,-3.760919,4.347759,-0.02978,0.000458,0.014813,32.51,64.3243770843612
48142,-8.223534,-3.756732,4.341777,-0.031001,-0.002291,0.013744,32.47,64.3481759360995
48152,-8.228318,-3.759723,4.339982,-0.031918,-0.005956,0.012217,32.47,64.3712448109802
48162,-8.233703,-3.755535,4.339982,-0.032529,-0.00901,0.010385,32.49,64.3790461505203
48172,-8.230712,-3.756134,4.34417,-0.033598,-0.011148,0.00901,32.49,64.3513842766189
48182,-8.232506,-3.744169,4.338188,-0.034819,-0.014355,0.006261,32.51,64.3739589305554
48192,-8.240283,-3.754339,4.337589,-0.034667,-0.017562,0.005192,32.51,64.4049087343676
48202,-8.224131,-3.760919,4.334598,-0.035277,-0.020006,0.003665,32.48,64.3907972847206
48212,-8.222337,-3.761517,4.338786,-0.036346,-0.023518,0.001833,32.48,64.3658072503212
48222,-8.216953,-3.755535,4.338188,-0.036499,-0.026114,0.000153,32.52,64.3506267297039
48232,-8.222935,-3.760919,4.337589,-0.03711,-0.028711,-0.001985,32.52,64.3727020757373
48242,-8.22473,-3.761517,4.332804,-0.037415,-0.030696,-0.003512,32.54,64.4019995549188
48252,-8.21157,-3.749553,4.344768,-0.037568,-0.032987,-0.004734,32.54,64.2984284327536
48262,-8.208578,-3.765106,4.354938,-0.037874,-0.034819,-0.006109,32.5,64.2553579295852
48272,-8.199606,-3.755535,4.347161,-0.038026,-0.037263,-0.008552,32.5,64.2652594346263
48282,-8.2014,-3.761517,4.357928,-0.037568,-0.037721,-0.009163,32.52,64.2200369699844
48292,-8.204391,-3.75733,4.349553,-0.03711,-0.038179,-0.010079,32.5,64.2655956165496
48302,-8.198408,-3.758526,4.35075,-0.037263,-0.038332,-0.010079,32.5,64.2471502549212
48312,-8.19123,-3.754937,4.366901,-0.036346,-0.037263,-0.009774,32.45,64.1439729596351
48322,-8.196015,-3.763312,4.367499,-0.035888,-0.036957,-0.009927,32.45,64.1604494679247
48332,-8.187043,-3.768696,4.36391,-0.036041,-0.035888,-0.009621,32.46,64.1642110213399
48342,-8.176275,-3.768098,4.366901,-0.035125,-0.034819,-0.009316,32.46,64.1237654648846
48352,-8.169096,-3.77049,4.368696,-0.034667,-0.032834,-0.008094,32.46,64.1007199672933
48362,-8.175079,-3.769892,4.372285,-0.035583,-0.030849,-0.006872,32.46,64.0951953805696
48372,-8.1679,-3.758526,4.366901,-0.035277,-0.028405,-0.006261,32.49,64.0947186754814
48382,-8.151151,-3.76391,4.371687,-0.03375,-0.025351,-0.004276,32.49,64.0375389913113
48392,-8.163115,-3.76391,4.37408,-0.033445,-0.023213,-0.003207,32.46,64.0524650459964
48402,-8.16132,-3.758526,4.367499,-0.03375,-0.020311,-0.000916,32.46,64.0766577516357
48412,-8.15773,-3.760321,4.371687,-0.033139,-0.016799,0.000916,32.46,64.0487632453585
48422,-8.16132,-3.765705,4.380062,-0.031765,-0.013744,0.001985,32.46,64.0194397232791
48432,-8.172088,-3.760321,4.387838,-0.030696,-0.009927,0.003818,32.46,63.9982988670175
48442,-8.153543,-3.762714,4.381258,-0.029932,-0.002443,0.008552,32.46,63.9923879349363
48452,-8.172686,-3.765705,4.37408,-0.02978,0.000305,0.010232,32.49,64.0761270136717
48462,-8.163713,-3.759723,4.377669,-0.028711,0.003971,0.011301,32.46,64.0309371805547
48472,-8.169096,-3.760321,4.38425,-0.027642,0.008399,0.013744,32.46,64.0099430945126
48482,-8.17448,-3.756134,4.375276,-0.027489,0.011606,0.015119,32.46,64.0640295524164
48492,-8.164909,-3.76391,4.366901,-0.02642,0.013134,0.016341,32.46,64.0935556592481
48502,-8.170293,-3.761517,4.362714,-0.025656,0.016341,0.018479,32.51,64.1248792692865
48512,-8.17149,-3.759125,4.365705,-0.025045,0.017715,0.0197,32.51,64.1096758508438
48522,-8.193623,-3.754937,4.364508,-0.024282,0.019242,0.020922,32.48,64.1617218076948
48532,-8.185248,-3.756134,4.353143,-0.024129,0.020769,0.021533,32.48,64.2025530675025
48542,-8.200203,-3.756134,4.351348,-0.024282,0.021686,0.021686,32.5,64.2456480565545
48552,-8.196015,-3.754339,4.353741,-0.022449,0.022449,0.022449,32.5,64.2219854769697
48562,-8.189436,-3.746562,4.348955,-0.02306,0.021991,0.023671,32.48,64.223706967772
48572,-8.199606,-3.755535,4.351348,-0.022602,0.021533,0.022297,32.48,64.2436784498344
48582,-8.200802,-3.75075,4.351946,-0.022602,0.02138,0.02306,32.49,64.238349092035
48593,-8.214561,-3.751348,4.343571,-0.022144,0.02138,0.02306,32.49,64.3131906880441
48602,-8.214561,-3.751348,4.348357,-0.022449,0.019395,0.022297,32.49,64.2885354537469
48612,-8.233703,-3.749553,4.345366,-0.02306,0.018021,0.020006,32.49,64.3452090350665
48622,-8.22473,-3.745365,4.344768,-0.023824,0.014508,0.018937,32.49,64.3237939922669
48632,-8.230712,-3.748955,4.344768,-0.024587,0.012217,0.018479,32.49,64.3409449201517
48642,-8.238488,-3.742374,4.338786,-0.025504,0.009163,0.016341,32.49,64.3824940563099
48652,-8.240283,-3.745365,4.34417,-0.026573,0.006872,0.013592,32.47,64.3618743564382
48662,-8.239087,-3.747759,4.341179,-0.026267,0.004581,0.012828,32.47,64.3770232608826
48672,-8.23131,-3.750151,4.335197,-0.027031,0.001069,0.010996,32.5,64.3927967832609
48682,-8.235497,-3.749553,4.33041,-0.028558,-0.002291,0.00733,32.5,64.4262462820769
48692,-8.232506,-3.753142,4.339384,-0.029474,-0.005651,0.005192,32.45,64.3769844427957
48702,-8.233105,-3.751946,4.335794,-0.029474,-0.008247,0.003665,32.45,64.3955909389229
48712,-8.224131,-3.74716,4.34058,-0.031307,-0.011759,0.000916,32.5,64.3458569226726
48722,-8.23789,-3.75733,4.342375,-0.03146,-0.014966,-0.001374,32.5,64.3779715526083
48732,-8.232506,-3.754339,4.341179,-0.032834,-0.018021,-0.002902,32.53,64.3689703073504
48742,-8.229516,-3.752544,4.348955,-0.033598,-0.020922,-0.005192,32.53,64.3203872663432
48752,-8.2349,-3.753741,4.341179,-0.034056,-0.023824,-0.007025,32.52,64.3737363904575
48762,-8.233703,-3.753142,4.346562,-0.035736,-0.025962,-0.008247,32.52,64.3427327278519
48772,-8.222337,-3.753142,4.34417,-0.036041,-0.028558,-0.010843,32.5,64.3294696674164
48782,-8.215756,-3.758526,4.344768,-0.036041,-0.031001,-0.011606,32.5,64.3171101316623
48792,-8.210971,-3.747759,4.341777,-0.036957,-0.03375,-0.013744,32.48,64.3106455216523
48802,-8.213365,-3.75075,4.352544,-0.037568,-0.03543,-0.01405,32.55,64.2636578312492
48812,-8.196015,-3.754339,4.342375,-0.036499,-0.036499,-0.014203,32.55,64.2805903695673
48822,-8.19123,-3.751946,4.35075,-0.036194,-0.036957,-0.01405,32.52,64.2240932731676
48832,-8.18764,-3.756134,4.349553,-0.035888,-0.037874,-0.014813,32.52,64.2264855418103
48842,-8.193623,-3.764508,4.353741,-0.036499,-0.038485,-0.013897,32.45,64.2271267593177
48852,-8.191828,-3.760919,4.352544,-0.035736,-0.037874,-0.013286,32.45,64.22550904587
48862,-8.175676,-3.756732,4.365107,-0.035125,-0.036652,-0.012828,32.48,64.1197720340092
48872,-8.181061,-3.761517,4.367499,-0.035277,-0.036041,-0.011301,32.48,64.1246721061548
48882,-8.17448,-3.761517,4.364508,-0.035277,-0.034514,-0.010843,32.48,64.1251412242069
48892,-8.179864,-3.761517,4.362714,-0.035736,-0.032834,-0.010232,32.48,64.1466100673673
48902,-8.179267,-3.760919,4.374678,-0.035583,-0.030543,-0.007636,32.47,64.0830009191233
48912,-8.168499,-3.765705,4.371089,-0.034514,-0.0281,-0.005498,32.47,64.0820146122102
48922,-8.157133,-3.756732,4.37408,-0.03375,-0.025656,-0.003665,32.48,64.0312908866234
48932,-8.150552,-3.766901,4.370491,-0.034208,-0.022297,-0.002291,32.48,64.0454934137426
48942,-8.169695,-3.761517,4.378866,-0.032987,-0.018937,-0.000458,32.51,64.0402831622828
48952,-8.152347,-3.759723,4.377669,-0.032376,-0.016188,0.001833,32.51,64.0050078959544
48962,-8.16132,-3.756732,4.377669,-0.032223,-0.008705,0.004429,32.49,64.0223402801517
48972,-8.167302,-3.765106,4.371687,-0.03146,-0.004887,0.005956,32.5,64.0755823732264
48982,-8.153543,-3.776472,4.371089,-0.029627,-0.001833,0.008399,32.5,64.059307856345
48992,-8.166704,-3.763312,4.37408,-0.029016,0.001985,0.010079,32.51,64.0600090339
49002,-8.151749,-3.764508,4.37408,-0.028405,0.006109,0.011912,32.51,64.0271897504447
49012,-8.163713,-3.763312,4.373481,-0.027336,0.00901,0.013134,32.51,64.0562860918554
49022,-8.163115,-3.766303,4.366901,-0.026114,0.01237,0.015272,32.51,64.091985433049
49032,-8.160722,-3.763312,4.367499,-0.024587,0.015882,0.01741,32.5,64.0803177722982
49042,-8.15773,-3.763312,4.363312,-0.023213,0.018326,0.019242,32.5,64.0951084220386
49052,-8.17448,-3.767499,4.364508,-0.023213,0.020159,0.020311,32.53,64.131395862327
49062,-8.172686,-3.760919,4.362116,-0.022144,0.022449,0.020922,32.53,64.1327736647178
49072,-8.185846,-3.759125,4.368098,-0.022297,0.024129,0.022602,32.48,64.1299529699246
49082,-8.179267,-3.762714,4.358526,-0.021991,0.024435,0.021991,32.48,64.1680925361094
49092,-8.19123,-3.760919,4.355535,-0.02138,0.025045,0.022755,32.52,64.2087405634124
49102,-8.206783,-3.761517,4.35075,-0.021533,0.025351,0.022755,32.52,64.2691585301175
49112,-8.197212,-3.754937,4.354339,-0.021686,0.025351,0.022755,32.47,64.222232006881
49122,-8.206185,-3.761517,4.351946,-0.022449,0.023824,0.022144,32.47,64.2616493339534
49132,-8.216953,-3.76391,4.354339,-0.022755,0.022602,0.0197,32.5,64.276089480217
49142,-8.221739,-3.758526,4.347161,-0.023976,0.018937,0.018631,32.51,64.3182610986509
49152,-8.225328,-3.757928,4.347161,-0.024587,0.015882,0.017562,32.51,64.325724032677
49162,-8.226524,-3.751348,4.342973,-0.025656,0.013439,0.016035,32.49,64.3432157323644
49172,-8.230712,-3.753142,4.328018,-0.02642,0.010537,0.01405,32.49,64.4315050057638
49182,-8.225926,-3.759125,4.341179,-0.026878,0.008094,0.014203,32.5,64.3590925494827
49192,-8.225328,-3.748955,4.326224,-0.027947,0.004581,0.011301,32.5,64.4243833500137
49202,-8.235497,-3.747759,4.32742,-0.028558,0.001222,0.009621,32.47,64.4398207707561
49212,-8.234302,-3.745365,4.334598,-0.028863,-0.002443,0.009468,32.47,64.3977095033212
49222,-8.235497,-3.75733,4.334,-0.030085,-0.005651,0.007483,32.51,64.4157074737574
49232,-8.223534,-3.747759,4.33041,-0.030085,-0.009468,0.006261,32.51,64.3975416460151
49242,-8.237292,-3.742973,4.332206,-0.030391,-0.013134,0.00504,32.48,64.4143048830029
49252,-8.230712,-3.745365,4.335794,-0.03146,-0.017257,0.002138,32.48,64.3834798817563
49262,-8.230712,-3.749553,4.338188,-0.031001,-0.020769,0.001374,32.48,64.3754354029904
49272,-8.219346,-3.74716,4.342973,-0.031612,-0.023824,0.000764,32.48,64.3227501457628
49282,-8.229516,-3.744768,4.334,-0.032223,-0.027642,-0.001222,32.44,64.3894234973671
49292,-8.216953,-3.753741,4.342375,-0.032529,-0.02978,-0.001527,32.44,64.3272061720248
49302,-8.209177,-3.746562,4.348955,-0.032529,-0.032681,-0.003665,32.46,64.2683676730513
49312,-8.216354,-3.756134,4.352544,-0.033139,-0.035888,-0.006567,32.52,64.275954070716
49322,-8.198408,-3.749553,4.356732,-0.034208,-0.037263,-0.006109,32.52,64.2070312628564
49332,-8.199606,-3.755535,4.350152,-0.034208,-0.038332,-0.00672,32.53,64.2498421729324
49342,-8.208578,-3.75075,4.366303,-0.034667,-0.039095,-0.007025,32.53,64.1820208640925
49352,-8.206783,-3.75733,4.357928,-0.035277,-0.038332,-0.008858,32.52,64.2278670166833
49362,-8.200802,-3.757928,4.359723,-0.034667,-0.037874,-0.008399,32.52,64.2057217233668
49372,-8.179864,-3.760919,4.367499,-0.035277,-0.036805,-0.007636,32.47,64.1213302372885
49382,-8.190034,-3.761517,4.361517,-0.034361,-0.035888,-0.008399,32.47,64.1758339431116
49392,-8.179267,-3.751348,4.386642,-0.034972,-0.033903,-0.007789,32.48,64.0114210387648
49402,-8.179267,-3.764508,4.371687,-0.035125,-0.03207,-0.006872,32.48,64.1021531913229
49412,-8.175676,-3.748955,4.372883,-0.035277,-0.030391,-0.006261,32.51,64.0715777140057
49422,-8.180463,-3.760321,4.378268,-0.034819,-0.027794,-0.005803,32.51,64.0666148899349
49432,-8.170293,-3.760919,4.376472,-0.034361,-0.024893,-0.004581,32.5,64.0533475988047
49442,-8.170293,-3.764508,4.365705,-0.034208,-0.022907,-0.003054,32.5,64.1125878638332
49452,-8.161918,-3.760919,4.377669,-0.034056,-0.020159,-0.001985,32.51,64.028101271351
49462,-8.169096,-3.75733,4.372883,-0.03375,-0.016952,-0.001222,32.51,64.0653529945246
49472,-8.160722,-3.753741,4.376472,-0.033292,-0.013592,0,32.48,64.0240058163103
49482,-8.162517,-3.768098,4.375875,-0.032376,-0.007178,0.002596,32.48,64.0462534630394
49492,-8.159525,-3.76391,4.379463,-0.031918,-0.003512,0.00336,32.46,64.0165455066637
49502,-8.172088,-3.759125,4.380062,-0.031154,-0.000305,0.004887,32.48,64.0370676482979
49512,-8.155936,-3.759125,4.369893,-0.030849,0.002291,0.006261,32.48,64.0526703119544
49522,-8.175079,-3.768098,4.378866,-0.030849,0.004887,0.007025,32.52,64.059434214419
49532,-8.173882,-3.765106,4.371089,-0.029169,0.008399,0.008552,32.52,64.0936245891855
49542,-8.175676,-3.768696,4.369893,-0.028558,0.009927,0.009621,32.52,64.1076183238502
49552,-8.173284,-3.765705,4.358526,-0.028253,0.012065,0.01069,32.52,64.1576461200511
49562,-8.182258,-3.753741,4.360321,-0.028253,0.013592,0.011606,32.45,64.156272491197
49572,-8.188239,-3.748955,4.364508,-0.026573,0.015272,0.013134,32.45,64.1432915703267
49582,-8.182856,-3.753741,4.360919,-0.025962,0.015577,0.014508,32.49,64.1545470076367
49592,-8.198408,-3.762115,4.364508,-0.025198,0.016646,0.015272,32.49,64.180016601004
49602,-8.194221,-3.760919,4.351946,-0.023976,0.017104,0.016646,32.5,64.2340030405057
49612,-8.198408,-3.747759,4.363312,-0.023671,0.017715,0.016646,32.5,64.1712800754681
49622,-8.193623,-3.753741,4.349553,-0.022602,0.017104,0.017562,32.53,64.2375425753611
49632,-8.197212,-3.753741,4.364508,-0.022755,0.016952,0.016646,32.53,64.1686144157477
49642,-8.21157,-3.75075,4.346562,-0.023518,0.015882,0.016341,32.48,64.290417736054
49652,-8.205587,-3.753741,4.348357,-0.023518,0.016188,0.016799,32.48,64.2707494692266
49662,-8.209177,-3.760919,4.354938,-0.024893,0.013744,0.016493,32.49,64.2523783029505
49672,-8.212168,-3.739982,4.35075,-0.025504,0.012065,0.015424,32.44,64.2590994029985
49682,-8.215158,-3.752544,4.356732,-0.026114,0.010385,0.014355,32.44,64.2479978093181
49692,-8.231908,-3.756732,4.338786,-0.026878,0.008094,0.012981,32.51,64.3823981564901
49702,-8.230712,-3.750151,4.341179,-0.026573,0.006414,0.011606,32.51,64.3606463443478
49712,-8.233105,-3.745964,4.341777,-0.027794,0.003971,0.010385,32.52,64.3586620255981
49722,-8.213962,-3.754937,4.35075,-0.027947,0.001833,0.009927,32.52,64.2785601008538
49732,-8.231908,-3.764508,4.347161,-0.029016,-0.001069,0.008552,32.51,64.3472803433113
49742,-8.216953,-3.761517,4.335197,-0.028711,-0.003818,0.007483,32.51,64.3721967487685
49752,-8.228917,-3.742973,4.341179,-0.029322,-0.006872,0.005345,32.49,64.3492552418513
49762,-8.228318,-3.763312,4.331009,-0.029474,-0.009468,0.004887,32.49,64.421140422829
49772,-8.219346,-3.762714,4.345964,-0.029627,-0.012217,0.00336,32.46,64.3233492321901
49782,-8.213365,-3.754937,4.339384,-0.02978,-0.014813,0.002596,32.46,64.3357684947398
49792,-8.226524,-3.748357,4.348955,-0.030238,-0.017715,0.001222,32.51,64.3093511955402
49802,-8.217552,-3.75075,4.331009,-0.030085,-0.020617,0.000153,32.51,64.3840679686548
49812,-8.226524,-3.75733,4.345964,-0.029932,-0.022297,-0.001069,32.46,64.3339609410525
49822,-8.229516,-3.756732,4.338786,-0.029627,-0.024587,-0.002138,32.46,64.3770253047292
49832,-8.213365,-3.759723,4.341777,-0.030543,-0.028405,-0.003665,32.47,64.3283672641929
49842,-8.216953,-3.762714,4.350152,-0.030391,-0.029627,-0.004734,32.5,64.296402400519
49852,-8.215756,-3.751946,4.349553,-0.030543,-0.029932,-0.005956,32.5,64.2856878757252
49862,-8.203793,-3.75733,4.35733,-0.031154,-0.030238,-0.007483,32.51,64.2241875953333
49872,-8.201998,-3.758526,4.356732,-0.031307,-0.031765,-0.007941,32.51,64.2244476726338
49882,-8.20798,-3.756732,4.359723,-0.032223,-0.031918,-0.008247,32.47,64.2207142770748
49892,-8.204989,-3.762115,4.360919,-0.032223,-0.032376,-0.008552,32.47,64.2133723630083
49902,-8.196015,-3.765705,4.360321,-0.03207,-0.031918,-0.009621,32.5,64.1998862945008
49912,-8.194221,-3.756732,4.354339,-0.032376,-0.031001,-0.010232,32.5,64.2173255668275
49922,-8.193025,-3.762714,4.366901,-0.032987,-0.030543,-0.009927,32.48,64.1561320858089
49932,-8.199606,-3.764508,4.372285,-0.032376,-0.028253,-0.008247,32.48,64.1452050208385
49942,-8.181659,-3.765705,4.372285,-0.032223,-0.027184,-0.008705,32.49,64.1057567993971
49952,-8.181659,-3.767499,4.368696,-0.03207,-0.025198,-0.008094,32.49,64.1261106181846
49962,-8.180463,-3.756134,4.368098,-0.032681,-0.023518,-0.00733,32.46,64.1146112283385
49972,-8.165507,-3.760321,4.372883,-0.03207,-0.021075,-0.005498,32.46,64.0603152013959
49982,-8.170892,-3.744169,4.372883,-0.031918,-0.018631,-0.004887,32.5,64.0556788616054
49992,-8.164311,-3.762115,4.372285,-0.031612,-0.01573,-0.003971,32.5,64.0625558360705
50002,-8.155936,-3.76391,4.368098,-0.030696,-0.010996,-0.001222,32.52,64.0669587409358
50012,-8.158927,-3.756732,4.377669,-0.029322,-0.007636,0.000764,32.48,64.016880756641
50022,-8.156534,-3.763312,4.374678,-0.028405,-0.00504,0.002291,32.48,64.0337587406864
50032,-8.161918,-3.753142,4.36391,-0.027336,-0.002291,0.004429,32.46,64.0908932187603
50042,-8.159525,-3.763312,4.369893,-0.026878,0.001069,0.00672,32.46,64.0652463255459
50052,-8.161918,-3.76391,4.372285,-0.025809,0.003512,0.008399,32.51,64.0589910679332
50062,-8.158927,-3.765106,4.366901,-0.024587,0.005803,0.009468,32.51,64.0812001920994
50072,-8.156534,-3.754937,4.366303,-0.023671,0.008858,0.011148,32.5,64.0681588605482
50082,-8.173284,-3.745964,4.360321,-0.023213,0.011606,0.012675,32.5,64.1277806555016
50092,-8.176275,-3.762115,4.364508,-0.022602,0.013592,0.01405,32.48,64.1298423222827
50102,-8.169096,-3.759125,4.361517,-0.021991,0.015882,0.015882,32.48,64.125830912885
50112,-8.176275,-3.748357,4.356134,-0.021686,0.01741,0.016799,32.51,64.1586757833469
50122,-8.175079,-3.747759,4.362116,-0.021533,0.019395,0.018021,32.51,64.1244750345273
50132,-8.193025,-3.746562,4.366901,-0.021228,0.020464,0.0197,32.5,64.1393447845481
50142,-8.194819,-3.753741,4.363312,-0.020922,0.021228,0.020311,32.5,64.1693496444739
50152,-8.196015,-3.754339,4.366303,-0.020769,0.021686,0.02138,32.54,64.157281112935
50162,-8.196015,-3.748357,4.349553,-0.021075,0.021228,0.02138,32.54,64.2373786599396
50172,-8.208578,-3.756134,4.354339,-0.021228,0.020464,0.020006,32.49,64.2491632093023
50182,-8.221739,-3.742973,4.345366,-0.020617,0.018631,0.019548,32.48,64.3115175407538
50192,-8.206185,-3.75075,4.350152,-0.021686,0.017104,0.019242,32.48,64.2597618011494
50202,-8.222935,-3.749553,4.347161,-0.021838,0.016493,0.018326,32.48,64.3117276981723
50212,-8.226524,-3.75075,4.351348,-0.022449,0.013439,0.016799,32.48,64.2994941722628
50222,-8.230114,-3.756134,4.343571,-0.022755,0.010996,0.015882,32.48,64.3531227536397
50232,-8.22473,-3.745964,4.348955,-0.022907,0.008858,0.014966,32.48,64.3028512664259
50242,-8.236095,-3.75075,4.345366,-0.023976,0.006567,0.012828,32.48,64.351813847906
50252,-8.238488,-3.752544,4.341777,-0.02474,0.002902,0.01069,32.48,64.3774929579142
50262,-8.230114,-3.749553,4.344768,-0.025504,-0.000611,0.008094,32.5,64.3402122686048
50272,-8.249256,-3.75733,4.332804,-0.026114,-0.003971,0.005651,32.5,64.452691092231
50282,-8.243275,-3.755535,4.34417,-0.027336,-0.00733,0.003818,32.53,64.3789891862813
50292,-8.235497,-3.753741,4.344768,-0.028405,-0.009774,0.001527,32.53,64.3566094152591
50302,-8.240283,-3.754937,4.332804,-0.028711,-0.013439,-0.000305,32.53,64.4301505255309
50312,-8.233703,-3.751946,4.34058,-0.029627,-0.016493,-0.002443,32.53,64.3722921478721
50322,-8.222935,-3.741179,4.337589,-0.030391,-0.020006,-0.004581,32.5,64.3524429629987
50332,-8.231908,-3.750151,4.334,-0.031612,-0.023824,-0.00733,32.5,64.400306108727
50342,-8.219944,-3.752544,4.345366,-0.031612,-0.026114,-0.010232,32.5,64.3173061934069
50352,-8.215756,-3.755535,4.34058,-0.032529,-0.030543,-0.011301,32.51,64.3356053219357
50362,-8.221141,-3.757928,4.354938,-0.031918,-0.032681,-0.012523,32.51,64.2762775268126
50372,-8.221141,-3.748955,4.351946,-0.032223,-0.034208,-0.012828,32.5,64.2824360745678
50382,-8.204391,-3.762714,4.348955,-0.033598,-0.036041,-0.014661,32.5,64.2742458730407
50392,-8.215158,-3.763312,4.351348,-0.033445,-0.036652,-0.01405,32.49,64.2868192400957
50402,-8.202596,-3.766303,4.353143,-0.033139,-0.037415,-0.015272,32.49,64.2523398350561
50412,-8.195418,-3.75075,4.354339,-0.032529,-0.036499,-0.014661,32.5,64.2138326066004
50422,-8.206185,-3.760321,4.362116,-0.03375,-0.035888,-0.01405,32.5,64.2080572116991
50432,-8.19123,-3.762714,4.360321,-0.033139,-0.034819,-0.012981,32.47,64.1859482944471
50442,-8.181061,-3.752544,4.366901,-0.033292,-0.034056,-0.01237,32.47,64.1183938852019
50452,-8.180463,-3.75733,4.362714,-0.033598,-0.032223,-0.01237,32.48,64.1436025104825
50462,-8.181061,-3.764508,4.371089,-0.033139,-0.029932,-0.010996,32.48,64.1093063056419
50472,-8.178668,-3.758526,4.373481,-0.032376,-0.026725,-0.009468,32.48,64.0853019756712
50482,-8.170293,-3.757928,4.377669,-0.031918,-0.023824,-0.007941,32.48,64.0440481990555
50492,-8.167302,-3.771687,4.372883,-0.032834,-0.021686,-0.006414,32.46,64.0763254927627
50502,-8.163115,-3.766303,4.375875,-0.032529,-0.018173,-0.004123,32.46,64.0457288056192
50512,-8.159525,-3.759723,4.377071,-0.031612,-0.014813,-0.001833,32.47,64.0244700105627
50522,-8.166704,-3.768696,4.375875,-0.031154,-0.008552,-0.000153,32.47,64.0564121150497
50532,-8.1679,-3.755535,4.375875,-0.030391,-0.004887,0.002138,32.48,64.0453310924386
50542,-8.154141,-3.768696,4.372285,-0.029322,-0.001833,0.002596,32.51,64.0463098374914
50552,-8.151151,-3.762115,4.372285,-0.027947,0.00168,0.005345,32.51,64.03256414122
50562,-8.165507,-3.773481,4.368696,-0.0281,0.004123,0.006567,32.47,64.0957041734179
50572,-8.166105,-3.772285,4.372285,-0.026725,0.006872,0.007941,32.47,64.0773129750578
50582,-8.180463,-3.761517,4.369893,-0.026114,0.009774,0.008858,32.49,64.1109833777501
50592,-8.173882,-3.766303,4.368696,-0.025198,0.01237,0.011759,32.49,64.1072058103604
50602,-8.173882,-3.765705,4.359723,-0.024587,0.014355,0.012828,32.5,64.1528301366889
50612,-8.175079,-3.772883,4.352544,-0.024129,0.016188,0.014966,32.5,64.2000684794225
50622,-8.177471,-3.773481,4.360919,-0.022755,0.018021,0.016646,32.51,64.1629310316372
50632,-8.17448,-3.765106,4.360321,-0.022144,0.0197,0.018326,32.51,64.1504774556676
50642,-8.184649,-3.760919,4.362116,-0.02138,0.020464,0.019395,32.51,64.1599212790228
50652,-8.195418,-3.74716,4.360919,-0.021075,0.020464,0.018784,32.51,64.1762059241283
50662,-8.196015,-3.760919,4.35075,-0.020311,0.020769,0.020464,32.51,64.2442226036771
50672,-8.196614,-3.762714,4.35075,-0.021075,0.020617,0.020311,32.51,64.2474377967688
50682,-8.210373,-3.75733,4.352544,-0.020464,0.020311,0.020311,32.51,64.2636940270237
50692,-8.216354,-3.753741,4.34417,-0.020464,0.018631,0.0197,32.51,64.3166093536223
50702,-8.218149,-3.754339,4.353143,-0.020311,0.01741,0.018631,32.49,64.2750693767442
50712,-8.213962,-3.749553,4.35733,-0.021228,0.015119,0.017562,32.47,64.2391335331717
50722,-8.212766,-3.766901,4.341777,-0.021533,0.013134,0.016035,32.47,64.3344225582473
50732,-8.225328,-3.744768,4.345366,-0.021991,0.011148,0.014661,32.47,64.3214495349777
50742,-8.219944,-3.756134,4.331009,-0.023213,0.008247,0.013439,32.47,64.394974474992
50752,-8.224131,-3.758526,4.345366,-0.023518,0.005498,0.012675,32.48,64.3328845296803
50762,-8.237292,-3.742973,4.338188,-0.024129,0.002749,0.01069,32.48,64.3834964605421
50772,-8.2349,-3.756732,4.336991,-0.024282,0.000305,0.009621,32.47,64.3983563244004
50782,-8.22473,-3.75075,4.336991,-0.025809,-0.002443,0.008247,32.47,64.3693774271022
50792,-8.228318,-3.745964,4.334598,-0.025962,-0.006109,0.005956,32.48,64.384872396484
50802,-8.22473,-3.75075,4.339384,-0.025656,-0.008705,0.005956,32.48,64.3570491993916
50812,-8.23131,-3.751348,4.332804,-0.026573,-0.011301,0.004123,32.5,64.406349426514
50822,-8.24148,-3.756732,4.34058,-0.027642,-0.014813,0.003971,32.5,64.3946504326213
50832,-8.227122,-3.757928,4.336392,-0.027184,-0.017257,0.002902,32.48,64.3852031725251
50842,-8.231908,-3.74716,4.336392,-0.027947,-0.0197,0.001069,32.48,64.3849244253312
50852,-8.230114,-3.743571,4.342973,-0.027642,-0.022449,-0.000611,32.47,64.3433239663676
50862,-8.219346,-3.748357,4.342973,-0.028405,-0.025045,-0.001374,32.47,64.3239801533675
50872,-8.214561,-3.749553,4.349553,-0.028863,-0.028711,-0.003207,32.48,64.2805265112114
50882,-8.204391,-3.74716,4.344768,-0.029474,-0.030391,-0.004734,32.53,64.2797532392824
50892,-8.212168,-3.743571,4.349553,-0.030238,-0.030849,-0.005345,32.53,64.2689617108922
50902,-8.215756,-3.753741,4.362714,-0.030238,-0.032681,-0.005956,32.46,64.2198073274014
50912,-8.203793,-3.752544,4.353741,-0.031612,-0.033139,-0.006261,32.46,64.2377193890538
50922,-8.197212,-3.747759,4.356134,-0.031612,-0.033139,-0.006414,32.53,64.2055462079666
50932,-8.203793,-3.745964,4.363312,-0.031307,-0.033292,-0.007025,32.53,64.1816255766722
50942,-8.190034,-3.761517,4.363312,-0.031001,-0.033292,-0.007941,32.54,64.1665886233326
50952,-8.201998,-3.761517,4.363312,-0.03207,-0.031918,-0.007483,32.54,64.1936742903204
50962,-8.190034,-3.764508,4.369295,-0.031154,-0.031154,-0.008552,32.48,64.1388989752653
50972,-8.187043,-3.764508,4.353741,-0.031918,-0.030238,-0.008094,32.48,64.2122437825183
50982,-8.190632,-3.76391,4.372285,-0.032223,-0.028558,-0.008399,32.5,64.1242441465669
50992,-8.180463,-3.754937,4.372285,-0.032223,-0.027794,-0.009163,32.5,64.0917947349095
51002,-8.173284,-3.756732,4.372285,-0.032223,-0.024893,-0.008705,32.5,64.0773410481798
51012,-8.173882,-3.759125,4.378268,-0.03207,-0.021533,-0.007789,32.5,64.0503899172082
51022,-8.184649,-3.777669,4.372883,-0.03207,-0.019242,-0.007025,32.48,64.1219689421145
51032,-8.169695,-3.772883,4.380062,-0.032223,-0.016493,-0.00672,32.48,64.0460542533016
51042,-8.163115,-3.760321,4.369893,-0.031612,-0.011454,-0.004429,32.47,64.0702819182653
51052,-8.169695,-3.754339,4.377669,-0.030849,-0.008552,-0.003665,32.48,64.0389262211178
51062,-8.157133,-3.758526,4.372285,-0.030696,-0.00504,-0.002902,32.48,64.0424323845667
51072,-8.164909,-3.754339,4.380062,-0.030238,-0.002596,-0.001069,32.5,64.0156855833038
51082,-8.162517,-3.752544,4.375875,-0.02978,0.000764,-0.000153,32.5,64.0299226626848
51092,-8.170293,-3.748357,4.36391,-0.028558,0.003818,0.001833,32.52,64.1049571820684
51102,-8.16132,-3.765106,4.370491,-0.028405,0.00672,0.003512,32.52,64.0681340796218
51112,-8.177471,-3.769892,4.367499,-0.027489,0.009163,0.004734,32.5,64.1252753885557
51122,-8.176275,-3.768098,4.368098,-0.027184,0.010996,0.006872,32.5,64.1175987981364
51132,-8.164311,-3.751946,4.366901,-0.026573,0.013134,0.007636,32.48,64.0796601560842
51142,-8.166704,-3.763312,4.367499,-0.026573,0.015424,0.008247,32.48,64.0939280039563
51152,-8.180463,-3.760321,4.359125,-0.025351,0.016646,0.009621,32.49,64.1652211391989
51162,-8.18764,-3.759125,4.353143,-0.024587,0.018021,0.010843,32.49,64.2110797850985
51172,-8.182258,-3.757928,4.357928,-0.023671,0.019242,0.01237,32.51,64.1729694445138
51183,-8.188239,-3.757928,4.351946,-0.023366,0.019548,0.012675,32.51,64.2173638337087
51192,-8.190034,-3.756732,4.355535,-0.022907,0.020159,0.01405,32.48,64.2016828990195
51202,-8.195418,-3.756134,4.358526,-0.022449,0.020159,0.013134,32.48,64.1978410481243
51212,-8.202596,-3.760919,4.344768,-0.021533,0.019242,0.015272,32.5,64.2899153367023
51222,-8.20798,-3.745964,4.337589,-0.021991,0.018479,0.014661,32.49,64.323645763038
51232,-8.199007,-3.754937,4.347759,-0.022144,0.017715,0.015272,32.49,64.2602043570444
51242,-8.218149,-3.749553,4.351348,-0.02138,0.016035,0.014661,32.5,64.2793800147276
51252,-8.213962,-3.75733,4.348357,-0.02138,0.014355,0.015272,32.5,64.293350488662
51262,-8.22772,-3.756732,4.345366,-0.021838,0.012523,0.014508,32.48,64.3391147749858
51272,-8.212168,-3.760321,4.350152,-0.021686,0.010537,0.012981,32.48,64.2831487246571
51282,-8.218149,-3.760919,4.341179,-0.022144,0.007636,0.011912,32.47,64.3434483235869
51292,-8.225926,-3.751348,4.339384,-0.021991,0.005498,0.011301,32.47,64.3603532599945
51302,-8.224131,-3.750151,4.339982,-0.021686,0.003054,0.011301,32.51,64.3520062426113
51312,-8.22772,-3.754339,4.343571,-0.022907,0,0.010385,32.51,64.3458973445012
51322,-8.221141,-3.761517,4.333402,-0.022907,-0.002596,0.008247,32.47,64.3908588529658
51332,-8.222935,-3.762115,4.338188,-0.023366,-0.005345,0.007025,32.47,64.3708460597617
51342,-8.228318,-3.756732,4.332804,-0.023366,-0.008552,0.005651,32.51,64.4051457889564
51352,-8.221739,-3.742973,4.345366,-0.023824,-0.011454,0.005192,32.51,64.3115175407538
51362,-8.233105,-3.753741,4.346562,-0.023824,-0.013897,0.004123,32.44,64.3420020552294
51373,-8.239087,-3.750151,4.345964,-0.024129,-0.0197,0.000916,32.44,64.3548502028407
51382,-8.228318,-3.754937,4.336991,-0.024435,-0.0197,-0.000764,32.5,64.3817370037542
51392,-8.221739,-3.758526,4.341777,-0.025504,-0.024893,-0.001985,32.53,64.3459823085847
51402,-8.216354,-3.753741,4.339384,-0.026114,-0.027336,-0.003054,32.53,64.3412690433972
51412,-8.219944,-3.753741,4.347759,-0.026267,-0.029322,-0.004734,32.48,64.3062154338249
51422,-8.22772,-3.754937,4.347161,-0.027489,-0.031001,-0.005651,32.48,64.3280333813264
51432,-8.217552,-3.75733,4.355535,-0.027642,-0.031765,-0.006414,32.5,64.2644967307734
51442,-8.215158,-3.756732,4.348955,-0.027794,-0.032529,-0.007789,32.5,64.2923508327575
51452,-8.210373,-3.761517,4.362714,-0.028863,-0.033139,-0.007636,32.46,64.2156833087653
51462,-8.196015,-3.748955,4.358526,-0.029627,-0.033598,-0.009316,32.46,64.191748292209
51472,-8.201998,-3.754339,4.354938,-0.02978,-0.033292,-0.009927,32.46,64.2293518733811
51482,-8.185846,-3.763312,4.36391,-0.030543,-0.032529,-0.010537,32.46,64.1558863103958
51492,-8.187043,-3.760919,4.359723,-0.031154,-0.031307,-0.009774,32.5,64.1776779370722
51502,-8.183454,-3.755535,4.363312,-0.031154,-0.030085,-0.009621,32.5,64.1454389439668
51512,-8.190632,-3.759125,4.368098,-0.031307,-0.028863,-0.009774,32.5,64.1408106450318
51522,-8.172088,-3.75075,4.370491,-0.031001,-0.027642,-0.009927,32.5,64.0776097572501
51532,-8.176275,-3.748357,4.375276,-0.03146,-0.025656,-0.00901,32.49,64.0599892543538
51542,-8.172686,-3.760919,4.372883,-0.031307,-0.023213,-0.007789,32.49,64.0772806859003
51552,-8.169695,-3.761517,4.373481,-0.030696,-0.020464,-0.007178,32.5,64.0680210471196
51562,-8.167302,-3.762714,4.373481,-0.030238,-0.015272,-0.004276,32.51,64.063829497244
51572,-8.165507,-3.756134,4.380062,-0.029169,-0.012523,-0.003665,32.51,64.0189326510811
51582,-8.166704,-3.750151,4.37408,-0.028558,-0.009163,-0.002443,32.51,64.0462166752106
51592,-8.161918,-3.757928,4.374678,-0.027642,-0.006109,-0.000153,32.51,64.0403755667206
51602,-8.17149,-3.753741,4.374678,-0.027031,-0.00336,0.001374,32.48,64.0577987855117
51612,-8.175079,-3.755535,4.373481,-0.027489,-0.000764,0.00168,32.48,64.0740124661225
51622,-8.17807,-3.762115,4.367499,-0.026267,0.001833,0.004429,32.49,64.1185054943737
51632,-8.1679,-3.75733,4.369295,-0.024587,0.005345,0.005498,32.49,64.081123789704
51642,-8.166105,-3.760919,4.377071,-0.02474,0.007636,0.007178,32.49,64.0407242784109
51652,-8.163115,-3.759723,4.371687,-0.024282,0.010385,0.00901,32.49,64.0604052723952
51662,-8.165507,-3.760321,4.367499,-0.022755,0.012828,0.010385,32.49,64.0880706553486
51672,-8.177471,-3.756732,4.367499,-0.022755,0.015119,0.010843,32.49,64.1115230191024
51682,-8.182856,-3.757928,4.365107,-0.022755,0.017562,0.013592,32.47,64.1373259790997
51692,-8.167302,-3.749553,4.369295,-0.021533,0.0197,0.015272,32.47,64.071623224572
51702,-8.190632,-3.755535,4.360321,-0.021838,0.020769,0.01573,32.51,64.1771302899189
51712,-8.190034,-3.751946,4.363312,-0.021838,0.02138,0.016493,32.51,64.1566353490615
51722,-8.193623,-3.759125,4.360919,-0.020769,0.023824,0.017257,32.51,64.1845560087103
51732,-8.199606,-3.748357,4.360321,-0.021075,0.023976,0.01741,32.51,64.1900179789778
51742,-8.204989,-3.752544,4.354938,-0.020922,0.023366,0.016952,32.53,64.2342576701045
51752,-8.206783,-3.736392,4.348357,-0.020922,0.023213,0.018326,32.51,64.2555565010185
51762,-8.217552,-3.754937,4.342973,-0.020922,0.021991,0.017104,32.51,64.3267054414841
51772,-8.221141,-3.749553,4.346562,-0.021533,0.020311,0.016341,32.48,64.3107691220335
51782,-8.231908,-3.749553,4.346562,-0.021228,0.018326,0.015272,32.48,64.3350162069693
51792,-8.221739,-3.754937,4.337589,-0.021075,0.015882,0.01405,32.5,64.3638668475995
51802,-8.22473,-3.747759,4.334,-0.021533,0.013134,0.012828,32.5,64.381724193331
51812,-8.223534,-3.755535,4.334598,-0.021838,0.010537,0.011454,32.52,64.3839283809363
51822,-8.22772,-3.742973,4.34417,-0.022297,0.007178,0.010537,32.52,64.3311566992288
51832,-8.2349,-3.744169,4.335197,-0.022297,0.004276,0.008858,32.48,64.3947456697888
51842,-8.227122,-3.748357,4.343571,-0.023213,0.000916,0.007789,32.48,64.3384141013979
51852,-8.24148,-3.754339,4.329215,-0.023824,-0.003665,0.004887,32.5,64.4507027097134
51862,-8.240283,-3.747759,4.343571,-0.024129,-0.006414,0.003665,32.5,64.3674024489554
51872,-8.233703,-3.752544,4.328018,-0.024893,-0.010232,0.001833,32.48,64.437603035265
51882,-8.23789,-3.754937,4.334598,-0.025045,-0.013592,0.000916,32.48,64.4155482164455
51892,-8.235497,-3.760321,4.345366,-0.025656,-0.016493,0.000458,32.49,64.3602769313638
51902,-8.217552,-3.755535,4.349553,-0.026114,-0.019548,-0.003665,32.49,64.293435130843
51932,-8.228917,-3.748955,4.338188,-0.0281,-0.030543,-0.008705,32.46,64.3707872123335
51942,-8.224131,-3.756732,4.34417,-0.028711,-0.031307,-0.00901,32.5,64.3371973139735
51952,-8.215756,-3.759723,4.350152,-0.029627,-0.033292,-0.010232,32.5,64.2906201553975
51962,-8.210971,-3.77049,4.350152,-0.030238,-0.034667,-0.011759,32.52,64.2909597584322
51972,-8.213365,-3.764508,4.351946,-0.030391,-0.035125,-0.011759,32.52,64.2809354501612
51982,-8.199606,-3.756134,4.360919,-0.031154,-0.03543,-0.01237,32.54,64.1949973120797
51992,-8.197212,-3.759723,4.363312,-0.030696,-0.034972,-0.012065,32.54,64.1809814748227
52002,-8.190632,-3.764508,4.36391,-0.03146,-0.034514,-0.013286,32.49,64.1679769913046
52012,-8.178668,-3.764508,4.367499,-0.031612,-0.03375,-0.013744,32.49,64.1223633574655
52022,-8.19123,-3.761517,4.364508,-0.032223,-0.032987,-0.012981,32.45,64.1631395060551
52032,-8.175079,-3.762714,4.366901,-0.031307,-0.030543,-0.012065,32.45,64.1154196297254
52042,-8.17807,-3.759723,4.374678,-0.03207,-0.028863,-0.010537,32.49,64.0790293636525
52052,-8.169096,-3.760919,4.366303,-0.031765,-0.026114,-0.009774,32.49,64.1030270871577
52062,-8.164311,-3.759723,4.372883,-0.03146,-0.024282,-0.009774,32.46,64.0569641873636
52072,-8.179864,-3.77049,4.361517,-0.031307,-0.02138,-0.007789,32.46,64.1621460655169
52082,-8.161918,-3.768098,4.369893,-0.029322,-0.015424,-0.004429,32.49,64.0757205014897
52092,-8.17807,-3.757928,4.370491,-0.029169,-0.011454,-0.00336,32.5,64.0987179359026
52102,-8.1679,-3.760919,4.367499,-0.028863,-0.008552,-0.002138,32.5,64.0941411331737
52112,-8.156534,-3.764508,4.364508,-0.028253,-0.004887,0.000458,32.5,64.0874708038196
52122,-8.155936,-3.768098,4.379463,-0.028253,-0.002291,0.002291,32.5,64.0127703254114
52132,-8.172088,-3.750151,4.361517,-0.026878,0.001374,0.003971,32.5,64.1232577603923
52142,-8.170892,-3.753741,4.372285,-0.026725,0.00336,0.004734,32.5,64.0687676613486
52152,-8.166105,-3.759125,4.368098,-0.025962,0.006567,0.007025,32.49,64.085089779432
52162,-8.16132,-3.758526,4.371687,-0.025045,0.008094,0.007941,32.49,64.0550599977131
52172,-8.177471,-3.762714,4.369893,-0.024587,0.010537,0.009468,32.52,64.1054380187236
52182,-8.175676,-3.766303,4.36391,-0.023213,0.012981,0.011759,32.52,64.1359414468886
52192,-8.172088,-3.765705,4.360919,-0.02306,0.014355,0.012523,32.48,64.1425920717448
52202,-8.182258,-3.759723,4.37408,-0.022602,0.015577,0.012981,32.48,64.0916279699134
52212,-8.189436,-3.769892,4.35733,-0.02138,0.016799,0.015424,32.5,64.2047659765482
52222,-8.181061,-3.758526,4.355535,-0.020922,0.018021,0.015577,32.5,64.1832173646516
52232,-8.18764,-3.749553,4.365705,-0.020464,0.018173,0.015424,32.48,64.1363864698329
52242,-8.196614,-3.762714,4.348955,-0.020617,0.018631,0.016493,32.48,64.2566890814858
52252,-8.204989,-3.75733,4.352544,-0.020769,0.018631,0.016188,32.5,64.2515377472394
52262,-8.201998,-3.755535,4.35075,-0.019853,0.018937,0.01573,32.49,64.2521660940516
52272,-8.203195,-3.75075,4.351946,-0.019548,0.018631,0.016035,32.49,64.2437603498177
52282,-8.216354,-3.754937,4.351348,-0.020311,0.016952,0.015577,32.49,64.2808767152639
52292,-8.222337,-3.746562,4.345964,-0.020464,0.01573,0.013592,32.49,64.3134710165997
52302,-8.225926,-3.75075,4.354938,-0.020006,0.014966,0.013897,32.47,64.2796770493568
52312,-8.221141,-3.757928,4.347161,-0.020617,0.01237,0.012523,32.47,64.31629927152
52322,-8.231908,-3.747759,4.35075,-0.020006,0.010537,0.011759,32.45,64.3116293422512
52332,-8.218747,-3.748357,4.344768,-0.020311,0.008705,0.011148,32.45,64.3133832434582
52342,-8.222337,-3.745964,4.337589,-0.021533,0.006414,0.009927,32.49,64.3560021549472
52352,-8.218747,-3.744768,4.341777,-0.020922,0.004429,0.009163,32.49,64.325105059927
52362,-8.219346,-3.753142,4.337589,-0.020922,0.001527,0.00733,32.48,64.3566389555659
52372,-8.22473,-3.752544,4.335794,-0.021228,-0.001069,0.006109,32.48,64.3773850627539
52382,-8.224131,-3.753741,4.338188,-0.021533,-0.003971,0.004734,32.47,64.3649323895689
52392,-8.223534,-3.761517,4.338188,-0.021838,-0.007025,0.00336,32.47,64.3715773176898
52402,-8.223534,-3.75075,4.343571,-0.022449,-0.008552,0.002902,32.52,64.3327920478506
52412,-8.227122,-3.756134,4.341179,-0.022297,-0.011759,0.001374,32.52,64.3587099335502
52422,-8.228318,-3.748357,4.349553,-0.022907,-0.013592,0.000458,32.5,64.3103153608155
52432,-8.216354,-3.753142,4.345964,-0.024129,-0.016799,-0.000611,32.48,64.3067516825755
52442,-8.209774,-3.74716,4.341777,-0.02474,-0.019548,-0.001527,32.48,64.307328010795
52452,-8.209774,-3.749553,4.354339,-0.025045,-0.02138,-0.002138,32.47,64.2450684092842
52462,-8.20798,-3.753741,4.354938,-0.025962,-0.023213,-0.003054,32.47,64.242255078386
52472,-8.219346,-3.756134,4.349553,-0.027031,-0.02474,-0.003818,32.5,64.2980954836305
52482,-8.213962,-3.756134,4.362116,-0.027642,-0.024587,-0.005192,32.5,64.2213012054908
52492,-8.200802,-3.755535,4.35733,-0.028253,-0.025351,-0.004887,32.47,64.2155648341168
52502,-8.2014,-3.750151,4.358526,-0.029016,-0.027031,-0.006261,32.47,64.2051830253207
52512,-8.210971,-3.753142,4.351946,-0.029322,-0.027489,-0.006414,32.48,64.2637994655256
52522,-8.21157,-3.760919,4.362714,-0.029474,-0.027336,-0.006109,32.48,64.217768542636
52532,-8.204989,-3.769892,4.359125,-0.030238,-0.027184,-0.00672,32.49,64.2306673937344
52542,-8.195418,-3.760321,4.365705,-0.031001,-0.027031,-0.008094,32.49,64.1652211648708
52552,-8.200802,-3.754339,4.353741,-0.031307,-0.026573,-0.008552,32.47,64.2328138664873
52562,-8.195418,-3.75733,4.365107,-0.031154,-0.026114,-0.008858,32.47,64.1651917112791
52572,-8.194221,-3.758526,4.372883,-0.03146,-0.025504,-0.00901,32.44,64.1237011270384
52582,-8.183454,-3.758526,4.372883,-0.03146,-0.02474,-0.008399,32.44,64.0992585008277
52592,-8.169096,-3.759723,4.366303,-0.031918,-0.023518,-0.008552,32.5,64.1017752326413
52602,-8.17807,-3.760919,4.363312,-0.031307,-0.019853,-0.006872,32.51,64.1388326096241
52612,-8.169695,-3.762115,4.371089,-0.030085,-0.018173,-0.006109,32.51,64.080972706132
52622,-8.181061,-3.766901,4.366303,-0.029474,-0.015577,-0.005803,32.51,64.1364540568064
52632,-8.173882,-3.759125,4.365705,-0.02978,-0.013439,-0.004734,32.51,64.115112581377
52642,-8.169096,-3.769294,4.366901,-0.029932,-0.009927,-0.003971,32.47,64.1087169743427
52652,-8.17149,-3.756134,4.381258,-0.028558,-0.00733,-0.002596,32.47,64.0264135808015
52662,-8.176873,-3.758526,4.368098,-0.0281,-0.005956,-0.002443,32.52,64.1089509123777
52672,-8.172088,-3.766303,4.364508,-0.0281,-0.003818,-0.001985,32.52,64.1247143233571
52682,-8.164311,-3.76391,4.364508,-0.028253,0,0.000153,32.47,64.1045362971808
52692,-8.17149,-3.766303,4.369295,-0.027184,0.002902,0.001374,32.47,64.0986849382162
52702,-8.163115,-3.764508,4.373481,-0.026573,0.00504,0.003054,32.48,64.0561800732341
52712,-8.17807,-3.761517,4.369893,-0.026878,0.007483,0.003207,32.48,64.105547813103
52722,-8.176873,-3.761517,4.368098,-0.026114,0.009621,0.004581,32.49,64.1120758232674
52732,-8.178668,-3.762115,4.366303,-0.025198,0.011912,0.006414,32.49,64.1260254074326
52742,-8.188837,-3.759723,4.371089,-0.025656,0.013744,0.007025,32.49,64.1219643129856
52752,-8.187043,-3.759723,4.363312,-0.02474,0.016035,0.007789,32.49,64.1579418275671
52762,-8.190034,-3.760919,4.356732,-0.023518,0.016952,0.009163,32.47,64.1998648943114
52772,-8.189436,-3.753142,4.359125,-0.023824,0.018479,0.011454,32.47,64.1780957307423
52782,-8.18764,-3.762115,4.349553,-0.023213,0.018784,0.011454,32.46,64.2326993243412
52792,-8.19123,-3.762714,4.339982,-0.022144,0.018631,0.011606,32.48,64.2908065328152
52802,-8.193025,-3.756134,4.354339,-0.021533,0.019242,0.012828,32.48,64.2139983030225
52812,-8.191828,-3.752544,4.344768,-0.021533,0.018021,0.013744,32.49,64.2569218292816
52822,-8.204391,-3.757928,4.351946,-0.020922,0.017562,0.014508,32.49,64.2538859614655
52832,-8.20798,-3.750151,4.346562,-0.020922,0.015882,0.015272,32.46,64.2816970309289
52842,-8.213365,-3.762714,4.346562,-0.020311,0.014203,0.014966,32.46,64.3068034024559
52852,-8.213365,-3.759723,4.332206,-0.020311,0.012523,0.015119,32.51,64.377702675514
52862,-8.226524,-3.75075,4.338188,-0.020464,0.010385,0.01405,32.51,64.3672455412823
52872,-8.216953,-3.757928,4.334598,-0.020769,0.007178,0.01237,32.49,64.3715918216211
52882,-8.209177,-3.751348,4.342375,-0.021075,0.004734,0.01237,32.49,64.307213418351
52892,-8.226524,-3.751348,4.338786,-0.020769,0.002291,0.012981,32.47,64.3647784505637
52902,-8.22473,-3.751946,4.341179,-0.020769,0,0.011912,32.47,64.3490309716259
52912,-8.22772,-3.75733,4.344768,-0.020769,-0.002749,0.009774,32.44,64.342806728644
52922,-8.216354,-3.75075,4.337589,-0.021686,-0.005956,0.00901,32.44,64.3474448049304
52932,-8.222337,-3.759125,4.335794,-0.022297,-0.008858,0.007178,32.5,64.3787621681689
52942,-8.233703,-3.761517,4.345366,-0.022755,-0.011148,0.003207,32.5,64.3574745497466
52952,-8.238488,-3.745964,4.348955,-0.023213,-0.016493,0.002443,32.46,64.3338355884555
52962,-8.22772,-3.76391,4.35075,-0.023518,-0.01909,0.001527,32.52,64.3187925171512
52972,-8.223534,-3.755535,4.35075,-0.024893,-0.021686,-0.000305,32.52,64.3007541027152
52982,-8.222337,-3.755535,4.356732,-0.025504,-0.023671,-0.002138,32.47,64.2672804134759
52992,-8.217552,-3.771687,4.353143,-0.025809,-0.025656,-0.004887,32.47,64.2916233555795
53002,-8.210373,-3.757928,4.339982,-0.02642,-0.027336,-0.006567,32.49,64.3290283809801
53012,-8.209774,-3.767499,4.353143,-0.027031,-0.028253,-0.007789,32.49,64.2697712696017
53022,-8.209177,-3.765106,4.353741,-0.027642,-0.029627,-0.009163,32.47,64.2628709054726
53032,-8.201998,-3.762115,4.356134,-0.027184,-0.029932,-0.00901,32.47,64.2312459875493
53042,-8.204391,-3.754937,4.358526,-0.027489,-0.030543,-0.009316,32.48,64.2169044332453
53052,-8.195418,-3.753142,4.360321,-0.027947,-0.030543,-0.009163,32.48,64.1854901947518
53062,-8.192427,-3.755535,4.359723,-0.028711,-0.030085,-0.010079,32.53,64.1842786217335
53072,-8.184649,-3.766303,4.353143,-0.029016,-0.028711,-0.01069,32.53,64.2117776807088
53082,-8.181659,-3.763312,4.359723,-0.029322,-0.027794,-0.009468,32.51,64.1679688197806
53092,-8.177471,-3.761517,4.369295,-0.029322,-0.026114,-0.009316,32.51,64.1072674764704
53102,-8.179267,-3.762714,4.377071,-0.029169,-0.024587,-0.008552,32.52,64.0725585505396
53112,-8.168499,-3.75075,4.366303,-0.028711,-0.022449,-0.007636,32.52,64.0910309214769
53122,-8.173284,-3.77049,4.369893,-0.028405,-0.017562,-0.006567,32.52,64.1040652469873
53132,-8.179267,-3.759723,4.369893,-0.029016,-0.014966,-0.005803,32.52,64.1063931899079
53142,-8.164311,-3.758526,4.373481,-0.029016,-0.011912,-0.004581,32.52,64.0526263725413
53152,-8.169695,-3.763312,4.371089,-0.028558,-0.009163,-0.003818,32.5,64.0822266898218
53162,-8.169096,-3.760919,4.37408,-0.028711,-0.006261,-0.00168,32.5,64.0629449735293
53172,-8.172088,-3.746562,4.365705,-0.028405,-0.003971,-0.000458,32.46,64.0979112191163
53182,-8.1679,-3.764508,4.371089,-0.027184,-0.001069,0.001374,32.46,64.0793973313619
53192,-8.169096,-3.765106,4.372285,-0.027184,0.001527,0.001527,32.52,64.0765818074946
53202,-8.17149,-3.759723,4.368696,-0.026573,0.003512,0.002596,32.52,64.0948835880623
53212,-8.179267,-3.752544,4.370491,-0.02642,0.006109,0.004734,32.45,64.0958189985638
53222,-8.157133,-3.767499,4.368098,-0.025504,0.008094,0.005956,32.45,64.0734573545936
53232,-8.170293,-3.75733,4.364508,-0.024282,0.009468,0.00733,32.46,64.1112491831782
53242,-8.181061,-3.755535,4.368696,-0.024129,0.012065,0.008399,32.46,64.1122643516268
53252,-8.179267,-3.765106,4.363312,-0.023671,0.013286,0.008705,32.44,64.1459200292589
53262,-8.179864,-3.748955,4.362116,-0.022449,0.014355,0.010232,32.44,64.1365982367401
53272,-8.188239,-3.755535,4.359125,-0.021533,0.015882,0.012217,32.49,64.1778693148162
53282,-8.189436,-3.753142,4.354938,-0.02138,0.016493,0.013134,32.49,64.1996773789569
53292,-8.198408,-3.76391,4.352544,-0.0197,0.016646,0.014508,32.52,64.2434872127043
53302,-8.201998,-3.750151,4.353741,-0.0197,0.016952,0.015882,32.5,64.2311853350838
53312,-8.199606,-3.737589,4.358526,-0.018937,0.016188,0.016341,32.5,64.188123833062
53322,-8.213962,-3.762115,4.353143,-0.018479,0.01573,0.016341,32.5,64.2736485094317
53332,-8.201998,-3.750151,4.357928,-0.018173,0.013897,0.015882,32.5,64.2096165763564
53342,-8.212766,-3.760919,4.359723,-0.018021,0.012828,0.014813,32.49,64.2358553577394
53352,-8.218149,-3.756134,4.347759,-0.018631,0.012065,0.01405,32.49,64.3046342008327
53362,-8.224131,-3.744768,4.342375,-0.018173,0.010232,0.01405,32.54,64.3341567923451
53374,-8.21157,-3.741179,4.35075,-0.018784,0.009163,0.012675,32.54,64.2589801491921
53382,-8.217552,-3.75075,4.336991,-0.01909,0.007025,0.011454,32.48,64.353224889734
53392,-8.221739,-3.748357,4.350152,-0.020006,0.004581,0.010385,32.48,64.2924043116216
53402,-8.230114,-3.751946,4.352544,-0.020617,0.003207,0.008858,32.48,64.302656786061
53412,-8.23131,-3.759723,4.348955,-0.020617,0.001374,0.00733,32.48,64.3317940358093
53422,-8.23131,-3.736392,4.351348,-0.021228,-0.001374,0.005192,32.49,64.2955583253853
53432,-8.231908,-3.751946,4.347161,-0.021991,-0.003665,0.003665,32.49,64.3343872715976
53442,-8.2349,-3.753142,4.346562,-0.022602,-0.005956,0.002138,32.48,64.3454241997367
53452,-8.216354,-3.748955,4.351348,-0.022297,-0.00901,0.000916,32.48,64.2747137305742
53462,-8.210373,-3.753741,4.342375,-0.024129,-0.012675,-0.001833,32.48,64.3123773591959
53472,-8.216953,-3.757928,4.350152,-0.024282,-0.015424,-0.001985,32.5,64.2914672151181
53482,-8.213365,-3.751946,4.344768,-0.024129,-0.017257,-0.004581,32.5,64.3049423977427
53492,-8.224131,-3.762115,4.347161,-0.024587,-0.018784,-0.006261,32.49,64.3273375131902
53502,-8.222935,-3.756134,4.344768,-0.025198,-0.021075,-0.007025,32.49,64.3308122901848
53512,-8.21157,-3.756134,4.350152,-0.025198,-0.022602,-0.007025,32.49,64.2774779411384
53522,-8.195418,-3.757928,4.348357,-0.025351,-0.023976,-0.008247,32.49,64.2521078830068
53532,-8.206185,-3.755535,4.365107,-0.025962,-0.024587,-0.008552,32.5,64.1877103144509
53542,-8.209774,-3.756134,4.353741,-0.025962,-0.025962,-0.009774,32.5,64.2549430752003
53552,-8.213365,-3.755535,4.353741,-0.026114,-0.025656,-0.009468,32.47,64.2624309256714
53562,-8.200203,-3.755535,4.358526,-0.026573,-0.026573,-0.009621,32.47,64.2080501251976
53572,-8.206783,-3.751946,4.357928,-0.027031,-0.026878,-0.009621,32.5,64.2222986643677
53582,-8.2014,-3.767499,4.368098,-0.026878,-0.026267,-0.009774,32.5,64.173908852939
53592,-8.196015,-3.757928,4.375875,-0.027794,-0.02474,-0.009316,32.49,64.1117578799785
53602,-8.18764,-3.759125,4.38066,-0.027642,-0.023824,-0.009621,32.49,64.0693752842806
53612,-8.185248,-3.766901,4.365705,-0.027794,-0.023518,-0.009621,32.5,64.1490278309977
53622,-8.179864,-3.774678,4.368098,-0.029016,-0.021838,-0.009163,32.5,64.1326242083364
53632,-8.178668,-3.764508,4.367499,-0.028558,-0.0197,-0.007483,32.5,64.1223633574655
53642,-8.179864,-3.756134,4.372883,-0.029016,-0.016035,-0.00672,32.5,64.0886025389127
53652,-8.178668,-3.762115,4.373481,-0.029322,-0.013439,-0.005345,32.5,64.0890528986164
53662,-8.179864,-3.762115,4.375875,-0.030391,-0.011759,-0.005956,32.47,64.0794457601916
53672,-8.178668,-3.766901,4.37408,-0.029474,-0.009774,-0.004123,32.47,64.0909739841542
53682,-8.175676,-3.760919,4.368098,-0.028863,-0.007636,-0.00336,32.48,64.1087313620749
53692,-8.17149,-3.760919,4.366303,-0.029016,-0.004887,-0.001833,32.48,64.1084694868864
53702,-8.168499,-3.767499,4.373481,-0.029322,-0.002291,-0.000764,32.5,64.0715715899844
53712,-8.170892,-3.76391,4.362714,-0.028405,0.000153,0.000764,32.5,64.1287433114008
53722,-8.166704,-3.764508,4.360919,-0.027336,0.001833,0.002291,32.47,64.1291136702657
53732,-8.173284,-3.772883,4.360321,-0.027489,0.003665,0.003207,32.47,64.1558980296196
53742,-8.184052,-3.759125,4.366303,-0.026725,0.005651,0.004276,32.49,64.1351266984301
53752,-8.175676,-3.761517,4.355535,-0.025656,0.007178,0.005956,32.49,64.1741248860911
53762,-8.182856,-3.75075,4.356134,-0.025045,0.009163,0.006872,32.49,64.1761063754043
53772,-8.186445,-3.766303,4.360919,-0.023824,0.009927,0.008094,32.49,64.1757682149109
53782,-8.193025,-3.75733,4.351348,-0.022907,0.011454,0.009621,32.48,64.2306567293607
53792,-8.17807,-3.756732,4.362116,-0.022907,0.011912,0.010385,32.48,64.1406286692852
53802,-8.193623,-3.739982,4.344768,-0.022144,0.013134,0.010079,32.45,64.2479841062638
53812,-8.193623,-3.74716,4.368098,-0.021686,0.013592,0.011148,32.45,64.13515931264
53822,-8.19781,-3.749553,4.352544,-0.020311,0.013744,0.010996,32.52,64.2272593322408
53832,-8.2014,-3.760321,4.356134,-0.019395,0.01405,0.011759,32.5,64.2280353642492
53842,-8.2014,-3.751946,4.356732,-0.019853,0.013744,0.011148,32.5,64.2162812940745
53852,-8.210971,-3.75075,4.35733,-0.019548,0.013744,0.01069,32.52,64.2336096348046
53862,-8.21157,-3.754339,4.341179,-0.019853,0.013134,0.011301,32.52,64.3218563371285
53872,-8.204391,-3.756732,4.35075,-0.019242,0.011606,0.01069,32.46,64.2588101423033
53882,-8.216953,-3.742973,4.346562,-0.019395,0.01069,0.010385,32.46,64.2945600315853
53892,-8.223534,-3.748955,4.356134,-0.019548,0.009621,0.009468,32.47,64.2662839604434
53902,-8.22473,-3.75075,4.334,-0.019395,0.007941,0.009927,32.47,64.3847900034293
53912,-8.213365,-3.756134,4.346562,-0.018937,0.006414,0.009316,32.53,64.3000162448859
53922,-8.210373,-3.756732,4.337589,-0.019395,0.004581,0.007941,32.53,64.3401319081322
53932,-8.215158,-3.751946,4.342973,-0.018326,0.002596,0.007636,32.45,64.3182332276645
53942,-8.218149,-3.753142,4.345964,-0.018784,0.000764,0.00672,32.45,64.3107972381345
53952,-8.221141,-3.756732,4.348955,-0.019242,-0.001222,0.006872,32.45,64.3058334877719
53962,-8.220542,-3.75075,4.347161,-0.019853,-0.003207,0.005345,32.45,64.3075653535665
53972,-8.221141,-3.759723,4.341179,-0.01909,-0.005803,0.004581,32.51,64.3489480774422
53982,-8.224131,-3.760919,4.34417,-0.019853,-0.009774,0.00336,32.51,64.3415020175942
53992,-8.218149,-3.751348,4.351946,-0.019548,-0.01237,0.001527,32.46,64.2781496343978
54002,-8.222935,-3.753741,4.346562,-0.020006,-0.01405,-0.000305,32.5,64.3191158311826
54012,-8.225328,-3.751348,4.346562,-0.020311,-0.015882,-0.000458,32.5,64.3220458523895
54022,-8.230712,-3.752544,4.342973,-0.020159,-0.017868,-0.000764,32.49,64.3538633584158
54032,-8.210373,-3.756134,4.346562,-0.020922,-0.019548,-0.002291,32.49,64.2932695860597
54042,-8.216354,-3.755535,4.351348,-0.021075,-0.020922,-0.004123,32.48,64.2814931032172
54052,-8.212766,-3.762714,4.351348,-0.02138,-0.021686,-0.004734,32.48,64.2808104371799
54062,-8.215756,-3.75733,4.347161,-0.021838,-0.022907,-0.005651,32.48,64.3035532684565
54072,-8.219346,-3.761517,4.356732,-0.022755,-0.023824,-0.006414,32.48,64.2667030855816
54082,-8.200203,-3.764508,4.348357,-0.023213,-0.02474,-0.007789,32.49,64.2697339615055
54092,-8.203195,-3.757928,4.36391,-0.022755,-0.024129,-0.008858,32.49,64.1895831561801
54102,-8.196015,-3.760321,4.36391,-0.02306,-0.024282,-0.009163,32.5,64.1758137002721
54112,-8.199606,-3.760919,4.361517,-0.023671,-0.023824,-0.009163,32.5,64.1968818768404
54122,-8.210373,-3.760919,4.360919,-0.024282,-0.023671,-0.009163,32.46,64.2242986057215
54132,-8.199606,-3.767499,4.366901,-0.023976,-0.022755,-0.009774,32.46,64.1760079241164
54142,-8.19781,-3.76391,4.364508,-0.025045,-0.022144,-0.010385,32.5,64.1805279163058
54152,-8.187043,-3.75733,4.370491,-0.025809,-0.020464,-0.009468,32.5,64.1184775943955
54162,-8.182856,-3.769294,4.365107,-0.025656,-0.017715,-0.009468,32.5,64.1491831946292
54172,-8.186445,-3.771089,4.366901,-0.025656,-0.015424,-0.009468,32.49,64.1499517209296
54182,-8.185846,-3.765705,4.354339,-0.026114,-0.013592,-0.00901,32.49,64.2076981101401
54192,-8.176873,-3.762714,4.367499,-0.02642,-0.010996,-0.008552,32.49,64.1164129837704
54202,-8.175676,-3.769892,4.366901,-0.025809,-0.008552,-0.007483,32.49,64.124282918042
54212,-8.172686,-3.764508,4.371089,-0.024893,-0.006109,-0.006567,32.51,64.0902801995538
54222,-8.17448,-3.764508,4.368696,-0.025504,-0.003512,-0.004429,32.51,64.1066859265449
54232,-8.17807,-3.771089,4.372285,-0.024893,-0.001222,-0.003818,32.51,64.1032400653318
54242,-8.181061,-3.762714,4.373481,-0.02474,0.001374,-0.00336,32.51,64.095116184207
54252,-8.169096,-3.756134,4.365705,-0.024129,0.003512,-0.002443,32.47,64.1011035216851
54262,-8.166704,-3.751348,4.360321,-0.023824,0.005803,-0.001222,32.47,64.1184315827312
54272,-8.182856,-3.753741,4.371687,-0.023213,0.007789,-0.000764,32.5,64.099066906319
54282,-8.176873,-3.755535,4.364508,-0.021838,0.009927,0.000916,32.5,64.1243301203667
54292,-8.176873,-3.753142,4.358526,-0.021228,0.012065,0.001985,32.48,64.1526793833573
54302,-8.190632,-3.756134,4.363312,-0.020769,0.013439,0.002749,32.48,64.1623447311144
54312,-8.182258,-3.754339,4.360321,-0.019853,0.015272,0.004581,32.45,64.1568951480483
54322,-8.194221,-3.758526,4.347161,-0.018784,0.015882,0.003665,32.45,64.2561889821819
54332,-8.182258,-3.756732,4.367499,-0.018937,0.017257,0.006261,32.48,64.1223981299399
54342,-8.19123,-3.756732,4.357928,-0.017257,0.01741,0.007178,32.52,64.1920589611653
54352,-8.190034,-3.75733,4.355535,-0.016646,0.018021,0.007483,32.52,64.2023041226292
54362,-8.194221,-3.750151,4.351348,-0.016799,0.018326,0.008094,32.48,64.2259205271203
54372,-8.2014,-3.744169,4.346562,-0.016646,0.017868,0.009163,32.48,64.2606550193955
54382,-8.202596,-3.757928,4.354938,-0.01573,0.016952,0.008094,32.48,64.2344192767325
54392,-8.202596,-3.753741,4.347161,-0.014966,0.016188,0.008705,32.48,64.2701583789527
54402,-8.213365,-3.754937,4.34417,-0.015577,0.014661,0.008858,32.46,64.3111050165425
54412,-8.209774,-3.760321,4.348357,-0.015119,0.01405,0.009927,32.46,64.2869945229108
54422,-8.204391,-3.759723,4.346562,-0.014813,0.01237,0.008858,32.49,64.2834821289245
54432,-8.220542,-3.751946,4.35075,-0.014966,0.010537,0.010079,32.49,64.2903185254761
54442,-8.216953,-3.744768,4.339982,-0.014508,0.008399,0.008858,32.52,64.3303118770834
54452,-8.21157,-3.751348,4.336392,-0.014355,0.005956,0.00901,32.52,64.343455391571
54462,-8.222337,-3.753142,4.332804,-0.014813,0.004123,0.009316,32.54,64.3880281689307
54472,-8.219944,-3.753741,4.338786,-0.014203,0.001222,0.008552,32.54,64.352432075877
54482,-8.218747,-3.749553,4.339982,-0.015424,-0.000916,0.007789,32.49,64.3392706193733
54492,-8.224131,-3.748357,4.336392,-0.015577,-0.004123,0.006261,32.49,64.3686623791055
54502,-8.234302,-3.750151,4.339384,-0.016035,-0.008705,0.003512,32.49,64.3779576036061
54512,-8.213962,-3.751348,4.337589,-0.016493,-0.011301,0.003054,32.5,64.3426722483314
54522,-8.212766,-3.757928,4.351946,-0.016493,-0.012981,0.001985,32.5,64.2727900791537
54532,-8.227122,-3.767499,4.352544,-0.01741,-0.014966,0.001222,32.47,64.3119159297273
54542,-8.213962,-3.762115,4.352544,-0.018173,-0.017104,-0.000458,32.47,64.2767316032846
54552,-8.222337,-3.754339,4.352544,-0.018173,-0.018479,-0.002138,32.49,64.2875947495002
54562,-8.213962,-3.753741,4.348357,-0.018784,-0.020617,-0.003207,32.49,64.2896502175636
54572,-8.223534,-3.754339,4.356134,-0.018784,-0.022144,-0.004887,32.46,64.2718238965122
54582,-8.215158,-3.761517,4.35733,-0.020159,-0.023671,-0.006109,32.46,64.2541825346722
54592,-8.209177,-3.761517,4.360321,-0.020159,-0.024587,-0.007178,32.51,64.2252927483967
54602,-8.22473,-3.755535,4.358526,-0.020922,-0.025656,-0.009316,32.51,64.2634501491377
54612,-8.199606,-3.764508,4.355535,-0.022297,-0.024893,-0.010079,32.48,64.2314072498734
54622,-8.210373,-3.77049,4.36391,-0.021991,-0.025351,-0.01069,32.48,64.2188261741669
54632,-8.2014,-3.766303,4.360321,-0.022907,-0.025504,-0.011606,32.47,64.2126821159858
54642,-8.199606,-3.760919,4.365107,-0.023366,-0.024129,-0.011912,32.47,64.1784034302549
54652,-8.198408,-3.762115,4.365107,-0.023366,-0.023213,-0.01237,32.5,64.1769337039911
54662,-8.184052,-3.766901,4.372883,-0.023976,-0.021533,-0.012523,32.5,64.1093597156842
54672,-8.187043,-3.764508,4.37408,-0.024587,-0.020159,-0.012981,32.48,64.1074888715143
54682,-8.184052,-3.766901,4.37408,-0.024587,-0.016493,-0.013134,32.52,64.103199044436
54692,-8.182856,-3.750151,4.363312,-0.024893,-0.015119,-0.012828,32.52,64.1384751358426
54702,-8.177471,-3.765106,4.375875,-0.02474,-0.013134,-0.012065,32.5,64.0771350043611
54712,-8.182258,-3.758526,4.370491,-0.02474,-0.011301,-0.011759,32.5,64.1088584168688
54722,-8.176275,-3.765705,4.372285,-0.025198,-0.008399,-0.010385,32.44,64.0935289138645
54732,-8.173284,-3.764508,4.369893,-0.025045,-0.005498,-0.008858,32.44,64.0978011627415
54742,-8.170892,-3.762115,4.369295,-0.024587,-0.003665,-0.008552,32.49,64.0929401490538
54752,-8.16132,-3.762115,4.368098,-0.024435,-0.001527,-0.007941,32.49,64.0773334910851
54762,-8.173284,-3.76391,4.373481,-0.023824,0.001527,-0.005651,32.52,64.0786917956468
54772,-8.172088,-3.76391,4.364508,-0.023366,0.003665,-0.003971,32.52,64.1222104605414
54782,-8.164311,-3.752544,4.361517,-0.022907,0.005345,-0.001985,32.5,64.1080644624464
54792,-8.17448,-3.752544,4.369893,-0.022297,0.00733,-0.000458,32.5,64.0880108726709
54802,-8.179864,-3.771687,4.368696,-0.02138,0.009621,0.000611,32.5,64.1264163420782
54812,-8.164909,-3.757928,4.368696,-0.021075,0.011148,0.002291,32.5,64.0780298289829
54822,-8.180463,-3.756732,4.354339,-0.019853,0.013134,0.003818,32.5,64.1861617156809
54832,-8.179864,-3.76391,4.371687,-0.020311,0.014203,0.004887,32.5,64.1028840626591
54842,-8.179864,-3.764508,4.347161,-0.020006,0.01573,0.005956,32.48,64.2299349785191
54852,-8.190034,-3.753741,4.354938,-0.017562,0.016493,0.007483,32.52,64.2016540645372
54862,-8.189436,-3.755535,4.344768,-0.016646,0.017715,0.008094,32.52,64.2546123255706
54872,-8.199606,-3.753142,4.353741,-0.016188,0.017562,0.008858,32.52,64.2288697237197
54882,-8.203793,-3.751348,4.345366,-0.016493,0.01741,0.009316,32.52,64.2796425346488
54892,-8.204989,-3.765705,4.356134,-0.016646,0.017104,0.009927,32.5,64.2417215338718
54902,-8.21157,-3.759125,4.351348,-0.016341,0.015577,0.010385,32.5,64.2744068929119
54912,-8.215756,-3.756732,4.34058,-0.015577,0.015119,0.009774,32.51,64.3368375776719
54922,-8.204391,-3.755535,4.351348,-0.015577,0.014203,0.00901,32.51,64.2544915179052
54932,-8.215756,-3.751946,4.348955,-0.015424,0.012981,0.008858,32.5,64.2887673310475
54942,-8.21157,-3.762115,4.349553,-0.015424,0.011454,0.00901,32.5,64.2867374316936
54952,-8.209774,-3.75733,4.339384,-0.01573,0.009468,0.008552,32.49,64.3301449410757
54962,-8.218747,-3.753142,4.351348,-0.015272,0.008094,0.007941,32.49,64.2844241025537
54972,-8.222935,-3.756732,4.347759,-0.014966,0.005956,0.007178,32.47,64.3160297848828
54982,-8.207382,-3.751348,4.343571,-0.01405,0.003971,0.006567,32.47,64.2969982850308
54992,-8.224131,-3.754339,4.338786,-0.014508,0.001833,0.005803,32.49,64.3624657551543
55002,-8.224131,-3.754937,4.339982,-0.014813,0.000305,0.004887,32.49,64.3569193220101
55012,-8.221141,-3.74716,4.345366,-0.015272,-0.002291,0.003207,32.49,64.3144692425856
55022,-8.224131,-3.752544,4.351946,-0.014661,-0.006261,0.002291,32.49,64.2928685928326
55032,-8.220542,-3.748955,4.339982,-0.016035,-0.007636,0.000458,32.47,64.3426989011087
55042,-8.217552,-3.751946,4.343571,-0.015424,-0.010232,0.000305,32.47,64.3205472521104
55052,-8.223534,-3.748955,4.342973,-0.015272,-0.011454,-0.000458,32.47,64.3340286750223
55062,-8.221141,-3.751348,4.352544,-0.016188,-0.013439,-0.001833,32.49,64.2818202543504
55072,-8.208578,-3.74716,4.348357,-0.017257,-0.015119,-0.003207,32.49,64.2707125016694
55082,-8.220542,-3.747759,4.356134,-0.01741,-0.016952,-0.003054,32.48,64.2583009594982
55092,-8.216953,-3.754937,4.351348,-0.017104,-0.017715,-0.004734,32.48,64.2822276016929
55102,-8.206783,-3.753142,4.353143,-0.017104,-0.018479,-0.00504,32.5,64.2481756466917
55112,-8.207382,-3.760919,4.356134,-0.018021,-0.019853,-0.005651,32.5,64.2421689654417
55122,-8.202596,-3.75733,4.35733,-0.018326,-0.021075,-0.007178,32.5,64.2214813694038
55132,-8.2014,-3.744169,4.354938,-0.019242,-0.02138,-0.007941,32.5,64.2174791221044
55142,-8.206185,-3.760919,4.356732,-0.019853,-0.021686,-0.008552,32.5,64.2363871609892
55152,-8.202596,-3.757928,4.360321,-0.019548,-0.021228,-0.00901,32.5,64.2067010316557
55162,-8.200203,-3.754937,4.359125,-0.020311,-0.020922,-0.010232,32.44,64.2043456774794
55172,-8.199606,-3.754937,4.360321,-0.020617,-0.021075,-0.009316,32.44,64.1968355591326
55182,-8.186445,-3.756134,4.369893,-0.021075,-0.020769,-0.009163,32.5,64.1189528259968
55192,-8.193623,-3.765705,4.369893,-0.020769,-0.018937,-0.008552,32.5,64.145202138874
55202,-8.189436,-3.75733,4.369295,-0.021838,-0.017104,-0.009468,32.46,64.1300665268218
55212,-8.193623,-3.765106,4.365107,-0.022297,-0.015424,-0.008094,32.48,64.1692102202388
55222,-8.184649,-3.754937,4.367499,-0.021991,-0.013286,-0.00672,32.48,64.1259570140144
55232,-8.1679,-3.757928,4.360919,-0.021686,-0.011148,-0.007178,32.48,64.1249453845365
55242,-8.181061,-3.760321,4.377071,-0.021075,-0.008858,-0.004887,32.48,64.074135461208
55252,-8.178668,-3.757928,4.373481,-0.021075,-0.007636,-0.005498,32.45,64.0846771850941
55262,-8.179267,-3.759723,4.368696,-0.020922,-0.006414,-0.005345,32.45,64.1125592230061
55272,-8.17448,-3.766901,4.368098,-0.021075,-0.003512,-0.004581,32.47,64.1122708753363
55282,-8.188837,-3.757928,4.383053,-0.020769,-0.001222,-0.003054,32.47,64.0585403841171
55292,-8.175079,-3.75733,4.362714,-0.021075,0.000611,-0.00168,32.47,64.1313766828319
55302,-8.170892,-3.762115,4.368696,-0.020464,0.002749,-0.001222,32.47,64.096027223643
55312,-8.178668,-3.764508,4.367499,-0.020922,0.004581,-0.000916,32.53,64.1223633574655
55322,-8.184649,-3.762115,4.365705,-0.020769,0.005498,-0.001374,32.53,64.142678481989
55332,-8.187043,-3.756732,4.372285,-0.020159,0.007789,-0.001069,32.44,64.1086186143856
55342,-8.185846,-3.751348,4.362116,-0.020159,0.009468,0.000458,32.44,64.1526733469021
55352,-8.18764,-3.761517,4.368098,-0.020006,0.01069,0.001222,32.48,64.1365158615503
55362,-8.190034,-3.760919,4.363312,-0.019395,0.01237,0.000916,32.48,64.165966334526
55375,-8.182258,-3.753741,4.360321,-0.018784,0.013439,0.00168,32.47,64.156272491197
55382,-8.185846,-3.753142,4.35733,-0.018173,0.013897,0.002138,32.48,64.1792084602411
55392,-8.200802,-3.759125,4.356134,-0.018326,0.015272,0.002138,32.48,64.2254441938536
55402,-8.182856,-3.759723,4.354339,-0.017715,0.014966,0.002902,32.51,64.1946996590051
55412,-8.198408,-3.754937,4.351348,-0.017715,0.015272,0.003512,32.51,64.2403507568191
55422,-8.191828,-3.760919,4.349553,-0.017104,0.015119,0.002902,32.47,64.2409282422207
55432,-8.192427,-3.750151,4.347759,-0.016799,0.014508,0.001985,32.47,64.2403682591844
55442,-8.212766,-3.751348,4.346562,-0.017104,0.013897,0.003054,32.49,64.29373240847
55452,-8.196614,-3.752544,4.354339,-0.016952,0.012981,0.00336,32.49,64.2183989966198
55462,-8.206185,-3.750151,4.348955,-0.016035,0.012523,0.003665,32.48,64.2653111819677
55472,-8.207382,-3.760321,4.339384,-0.015882,0.011301,0.002749,32.48,64.3278416282795
55482,-8.21157,-3.75075,4.345366,-0.015119,0.010385,0.00336,32.54,64.2965802328704
55492,-8.209774,-3.754937,4.34417,-0.01573,0.008705,0.002138,32.54,64.3030089370052
55502,-8.213365,-3.747759,4.345366,-0.014813,0.007483,0.00336,32.48,64.2975492967
55512,-8.204989,-3.746562,4.355535,-0.014508,0.006109,0.003512,32.48,64.2249998682225
55522,-8.213962,-3.752544,4.34417,-0.015119,0.004581,0.002749,32.48,64.3099855151666
55532,-8.221739,-3.755535,4.342375,-0.014813,0.002596,0.002902,32.48,64.3398272543549
55542,-8.212766,-3.755535,4.341179,-0.014966,-0.003054,0.001833,32.48,64.3257836728238
55552,-8.215756,-3.755535,4.342375,-0.014966,-0.003818,0.001374,32.44,64.3263565397182
55562,-8.219346,-3.754937,4.347161,-0.015119,-0.004581,0.001069,32.44,64.3091778585148
55572,-8.225328,-3.753741,4.350152,-0.015272,-0.00733,0.000305,32.46,64.3060275394053
55582,-8.210373,-3.755535,4.341179,-0.015272,-0.009468,0.000764,32.46,64.3203912501176
55592,-8.215158,-3.757928,4.347759,-0.016952,-0.011148,-0.001069,32.46,64.2997425133877
55602,-8.215158,-3.765106,4.347161,-0.016341,-0.012981,-0.00168,32.46,64.3102253958624
55612,-8.207382,-3.746562,4.346562,-0.016493,-0.014661,-0.003054,32.51,64.2766449371251
55622,-8.212766,-3.760919,4.350152,-0.017104,-0.016493,-0.003971,32.51,64.2851144006659
55632,-8.213962,-3.761517,4.35733,-0.017562,-0.016952,-0.004276,32.48,64.2514843036359
55642,-8.210971,-3.753741,4.353143,-0.017715,-0.018937,-0.004581,32.48,64.2582538166094
55652,-8.210373,-3.756732,4.350152,-0.018479,-0.019853,-0.006109,32.48,64.2753944559164
55662,-8.204989,-3.76391,4.359125,-0.018479,-0.020617,-0.00672,32.48,64.2244655674631
55672,-8.200203,-3.765106,4.357928,-0.019395,-0.02138,-0.00733,32.5,64.2210539904825
55682,-8.199606,-3.762714,4.354339,-0.020159,-0.020769,-0.007941,32.5,64.2357067291641
55692,-8.198408,-3.76391,4.356732,-0.019853,-0.020617,-0.007636,32.51,64.221914731222
55702,-8.199606,-3.764508,4.367499,-0.020464,-0.020464,-0.008094,32.51,64.1698228965119
55712,-8.186445,-3.765705,4.36391,-0.020617,-0.019853,-0.008399,32.48,64.1597380816894
55722,-8.19781,-3.762115,4.363312,-0.021991,-0.018021,-0.008858,32.48,64.1848192520583
55732,-8.190034,-3.766303,4.360919,-0.022144,-0.016646,-0.009163,32.48,64.1838949524819
55742,-8.177471,-3.760321,4.371687,-0.021991,-0.015577,-0.008399,32.5,64.0936961069053
55752,-8.182258,-3.759723,4.369295,-0.022602,-0.01405,-0.008399,32.5,64.1162669003613
55762,-8.188837,-3.762714,4.360919,-0.022602,-0.012217,-0.008399,32.49,64.1774485330041
55772,-8.185248,-3.769294,4.375276,-0.022602,-0.010079,-0.008399,32.49,64.1022590812592
55782,-8.179864,-3.760321,4.375276,-0.022449,-0.008247,-0.007636,32.44,64.0806542694021
55792,-8.180463,-3.767499,4.371089,-0.022144,-0.006414,-0.007025,32.44,64.1110744993894
55802,-8.18764,-3.766901,4.375875,-0.021686,-0.004123,-0.006109,32.49,64.102105713333
55812,-8.180463,-3.758526,4.371089,-0.021686,-0.001985,-0.005498,32.49,64.1017006469559
55822,-8.185248,-3.766901,4.369295,-0.021838,0.000153,-0.004581,32.48,64.1305427078719
55832,-8.179864,-3.75733,4.369893,-0.021991,0.002138,-0.003818,32.48,64.1052512227544
55842,-8.184052,-3.754339,4.371687,-0.020769,0.00504,-0.003054,32.49,64.1024085568304
55852,-8.182258,-3.765106,4.360321,-0.020006,0.006872,-0.002902,32.49,64.1681153166079
55862,-8.176275,-3.771687,4.364508,-0.019853,0.008399,-0.000916,32.49,64.139849274108
55872,-8.180463,-3.765106,4.365107,-0.0197,0.009468,-0.001069,32.49,64.1393842733586
55882,-8.190034,-3.754339,4.357928,-0.020006,0.011912,0.002138,32.51,64.1868634892321
55892,-8.182856,-3.754339,4.360321,-0.01909,0.013439,0.003665,32.5,64.1582521760455
55902,-8.181659,-3.754937,4.358526,-0.019395,0.013592,0.003665,32.5,64.1654128699446
55912,-8.185248,-3.75075,4.368098,-0.018937,0.014355,0.00504,32.44,64.1198716226868
55922,-8.188239,-3.754937,4.358526,-0.017715,0.014966,0.006872,32.44,64.1803347410464
55932,-8.189436,-3.765705,4.35733,-0.017257,0.014508,0.00672,32.46,64.2004078018345
55942,-8.188239,-3.750151,4.359723,-0.017104,0.014355,0.007025,32.46,64.1691918969595
55952,-8.203793,-3.756732,4.35075,-0.016035,0.013744,0.008247,32.49,64.2574595053327
55962,-8.200203,-3.74716,4.356732,-0.016035,0.013286,0.008094,32.49,64.208618637832
55972,-8.215756,-3.759723,4.35075,-0.016341,0.012523,0.00901,32.51,64.2875417062212
55982,-8.210971,-3.748955,4.349553,-0.016188,0.010996,0.008552,32.51,64.2718059780781
55992,-8.210373,-3.752544,4.35075,-0.015424,0.010232,0.009621,32.48,64.2679918457586
56002,-8.21157,-3.757928,4.345964,-0.015272,0.008552,0.009316,32.48,64.3009002942146
56012,-8.210373,-3.751946,4.332206,-0.015424,0.006872,0.007636,32.49,64.3629654350355
56022,-8.219346,-3.757928,4.336991,-0.014355,0.005803,0.007941,32.49,64.3646401144947
56032,-8.210971,-3.749553,4.350152,-0.014966,0.003971,0.00733,32.48,64.2693369630011
56042,-8.215756,-3.752544,4.341179,-0.014355,0.002138,0.006567,32.48,64.3294403775789
56052,-8.219346,-3.760919,4.345366,-0.014661,0.000305,0.007025,32.47,64.3245790827172
56062,-8.206783,-3.753142,4.347759,-0.014355,-0.00336,0.004887,32.47,64.2759128387808
56072,-8.204989,-3.751946,4.345366,-0.014813,-0.004734,0.004276,32.52,64.2829607582363
56082,-8.215158,-3.745964,4.349553,-0.015882,-0.007025,0.002749,32.51,64.2781782183775
56092,-8.216354,-3.768098,4.35075,-0.016646,-0.008552,0.00168,32.51,64.297532216735
56102,-8.223534,-3.760321,4.343571,-0.016952,-0.009927,0.000916,32.5,64.3426280958835
56112,-8.204391,-3.756732,4.360321,-0.017562,-0.010843,0,32.5,64.2095218641885
56122,-8.218747,-3.756134,4.352544,-0.018021,-0.012675,-0.001069,32.49,64.2813503062567
56132,-8.21157,-3.749553,4.350152,-0.018631,-0.013439,-0.001833,32.49,64.2706895330061
56142,-8.218149,-3.759125,4.351348,-0.019242,-0.014966,-0.002902,32.48,64.2892403776878
56152,-8.21157,-3.757928,4.347161,-0.018326,-0.01573,-0.00336,32.48,64.2947342358473
56162,-8.215158,-3.754937,4.348955,-0.019395,-0.016952,-0.00504,32.5,64.2905005271143
56172,-8.216354,-3.756134,4.355535,-0.021228,-0.017715,-0.005803,32.5,64.2605604507928
56182,-8.206783,-3.748955,4.360919,-0.020769,-0.017868,-0.005651,32.48,64.2038083006485
56192,-8.185248,-3.768696,4.363312,-0.021686,-0.017715,-0.007025,32.48,64.1632247865691
56202,-8.201998,-3.76391,4.355535,-0.02306,-0.017562,-0.008094,32.44,64.2361910282895
56212,-8.203195,-3.766303,4.354938,-0.022907,-0.01741,-0.007941,32.44,64.2444487015928
56222,-8.19781,-3.772285,4.36391,-0.023518,-0.016952,-0.008858,32.46,64.1923124478041
56232,-8.195418,-3.760321,4.359723,-0.024282,-0.015882,-0.00901,32.46,64.19602191002
56242,-8.196015,-3.759125,4.365705,-0.024587,-0.015272,-0.009621,32.47,64.1653306781148
56252,-8.191828,-3.766303,4.366901,-0.025504,-0.013897,-0.009163,32.43,64.1571564723832
56262,-8.192427,-3.763312,4.362714,-0.026114,-0.012828,-0.00901,32.43,64.176956219845
56273,-8.181659,-3.765705,4.363312,-0.025504,-0.011912,-0.009621,32.51,64.1519700523181
56282,-8.188837,-3.759723,4.368696,-0.025504,-0.010079,-0.008399,32.51,64.1342832209251
56292,-8.181061,-3.76391,4.375875,-0.026267,-0.009163,-0.008705,32.5,64.0840424806519
56302,-8.175079,-3.755535,4.365705,-0.026114,-0.008094,-0.007941,32.5,64.1140827480502
56312,-8.192427,-3.756732,4.375276,-0.025656,-0.006872,-0.00733,32.49,64.1054511262997
56322,-8.179864,-3.759723,4.364508,-0.025656,-0.005345,-0.00672,32.49,64.1354929361642
56332,-8.193623,-3.768696,4.360919,-0.025809,-0.004276,-0.006109,32.5,64.1945067928938
56342,-8.190632,-3.760919,4.362116,-0.024587,-0.001985,-0.005192,32.5,64.1734811846101
56352,-8.191828,-3.756134,4.371687,-0.02474,-0.000764,-0.003512,32.47,64.1219370317601
56362,-8.187043,-3.766901,4.362116,-0.023976,0.000305,-0.002291,32.47,64.1715796902359
56372,-8.188239,-3.756134,4.356732,-0.022907,0.001985,-0.002291,32.46,64.1908255647804
56382,-8.18764,-3.772285,4.36391,-0.022907,0.00336,-0.001374,32.46,64.1693056399297
56392,-8.182856,-3.763312,4.36391,-0.021838,0.004429,-0.000458,32.48,64.149106831002
56402,-8.183454,-3.761517,4.355535,-0.022144,0.006109,0.003054,32.48,64.1917554347575
56412,-8.2014,-3.757928,4.35733,-0.021075,0.007789,0.003971,32.48,64.2193965164961
56422,-8.184649,-3.755535,4.356134,-0.020159,0.008552,0.004123,32.51,64.1851493759515
56432,-8.19123,-3.755535,4.356134,-0.019395,0.009163,0.004581,32.51,64.2000610004512
56442,-8.191828,-3.747759,4.352544,-0.0197,0.009927,0.005651,32.45,64.2118556253704
56452,-8.183454,-3.766303,4.356134,-0.020159,0.009927,0.005498,32.45,64.1936530900963
56462,-8.200802,-3.763312,4.359125,-0.019395,0.010232,0.005651,32.48,64.2143837762531
56472,-8.188239,-3.76391,4.358526,-0.018784,0.010385,0.006567,32.48,64.1896678420351
56482,-8.191828,-3.756134,4.358526,-0.018479,0.010385,0.007941,32.43,64.1897110068665
56492,-8.204989,-3.755535,4.354938,-0.018479,0.009316,0.006414,32.43,64.2373509608579
56502,-8.200802,-3.744768,4.356732,-0.018479,0.008858,0.007025,32.47,64.2075006876322
56512,-8.199606,-3.76391,4.347161,-0.018326,0.007941,0.007178,32.47,64.2739306870329
56522,-8.212168,-3.758526,4.341777,-0.018021,0.00733,0.007178,32.51,64.3244373465512
56532,-8.204989,-3.756134,4.34417,-0.017715,0.006567,0.006567,32.51,64.2934507851988
56542,-8.212766,-3.750151,4.347759,-0.016799,0.004734,0.006414,32.49,64.2863324323651
56552,-8.210373,-3.753741,4.350152,-0.016799,0.003818,0.006414,32.49,64.2723071393519
56562,-8.202596,-3.754937,4.352544,-0.016952,0.002749,0.006414,32.51,64.2436554025946
56572,-8.218149,-3.75733,4.345366,-0.016493,0.000916,0.005192,32.51,64.3181881103657
56582,-8.209774,-3.762115,4.343571,-0.016188,-0.00168,0.003818,32.49,64.3135027383436
56592,-8.220542,-3.759723,4.345366,-0.016646,-0.003818,0.00336,32.48,64.3260395568317
56602,-8.209774,-3.756732,4.341179,-0.016493,-0.005651,0.001985,32.48,64.320275478408
56612,-8.225926,-3.745365,4.342973,-0.017715,-0.007178,0.001069,32.48,64.3357321389241
56622,-8.214561,-3.754937,4.348357,-0.017257,-0.008399,0.001374,32.48,64.2922338504446
56632,-8.221141,-3.761517,4.348955,-0.017104,-0.009774,0.000764,32.51,64.3107604872683
56642,-8.216354,-3.75733,4.353143,-0.01741,-0.010996,0,32.51,64.2741042714799
56652,-8.218149,-3.767499,4.35733,-0.017715,-0.011912,-0.001374,32.52,64.2671049671409
56662,-8.218747,-3.762115,4.354339,-0.018326,-0.012675,-0.001527,32.52,64.2782801256205
56672,-8.214561,-3.756134,4.349553,-0.018784,-0.014508,-0.001833,32.48,64.2873089741881
56682,-8.209774,-3.753142,4.352544,-0.01909,-0.015424,-0.003054,32.48,64.2580170065293
56692,-8.213365,-3.756732,4.357928,-0.0197,-0.015577,-0.003054,32.45,64.2421169629576
56702,-8.206783,-3.767499,4.348955,-0.020159,-0.016799,-0.00336,32.45,64.2845919749842
56712,-8.210971,-3.757928,4.359125,-0.021228,-0.017257,-0.003971,32.52,64.2317867302655
56722,-8.194221,-3.764508,4.359723,-0.02138,-0.016799,-0.003512,32.52,64.1976632910474
56732,-8.200203,-3.760919,4.356732,-0.022297,-0.016493,-0.004429,32.5,64.2228698403975
56742,-8.191828,-3.75733,4.353741,-0.021991,-0.01573,-0.004581,32.5,64.2156126087085
56752,-8.189436,-3.759125,4.365705,-0.02306,-0.01573,-0.00504,32.48,64.150419921334
56762,-8.185846,-3.761517,4.367499,-0.023366,-0.015577,-0.00504,32.48,64.1355308193858
56772,-8.191828,-3.762714,4.362714,-0.023671,-0.014508,-0.00504,32.48,64.1749776844053
56782,-8.187043,-3.762714,4.365107,-0.023671,-0.013592,-0.004123,32.51,64.151811486752
56792,-8.189436,-3.753741,4.365107,-0.024282,-0.011912,-0.003971,32.51,64.1478983888407
56802,-8.193623,-3.762115,4.360919,-0.024435,-0.010996,-0.003971,32.46,64.1876631770902
56812,-8.185846,-3.760321,4.363312,-0.024893,-0.009774,-0.003818,32.46,64.1558504936299
56822,-8.175079,-3.757928,4.362714,-0.025351,-0.008247,-0.003512,32.48,64.1320010596781
56832,-8.179864,-3.76391,4.357928,-0.024129,-0.00733,-0.002596,32.48,64.1737765309618
56842,-8.188239,-3.765106,4.369295,-0.023824,-0.005803,-0.001985,32.52,64.1354527029325
56852,-8.185248,-3.757928,4.365107,-0.023671,-0.003818,-0.002291,32.52,64.14275426293
56862,-8.184649,-3.762714,4.360919,-0.023824,-0.002291,-0.000611,32.51,64.1679592995098
56872,-8.184052,-3.766303,4.365107,-0.023671,0.000153,-0.000305,32.51,64.1487726590835
56882,-8.183454,-3.762115,4.35733,-0.02306,0.000764,-0.000153,32.46,64.1831243851838
56892,-8.173882,-3.752544,4.360919,-0.02306,0.001985,-0.000305,32.46,64.1329180941649
56902,-8.2014,-3.760919,4.355535,-0.022297,0.003512,0.000305,32.5,64.2317399285164
56912,-8.193025,-3.759723,4.358526,-0.022755,0.005192,0.000458,32.5,64.1961497439408
56922,-8.182258,-3.757928,4.353143,-0.022144,0.006109,0.001374,32.5,64.1976443618756
56932,-8.175079,-3.752544,4.362714,-0.021686,0.007636,0.001222,32.48,64.1263815259191
56942,-8.190034,-3.744169,4.362714,-0.02138,0.007636,0.001985,32.48,64.1516393469924
56952,-8.200802,-3.759125,4.356732,-0.020464,0.008705,0.002443,32.47,64.2223644007976
56962,-8.207382,-3.758526,4.358526,-0.020464,0.009468,0.002291,32.47,64.227379877103
56972,-8.192427,-3.751348,4.353741,-0.020159,0.009468,0.001985,32.46,64.2107619228099
56982,-8.199606,-3.754339,4.356732,-0.020006,0.009163,0.002291,32.46,64.2147001693726
56992,-8.207382,-3.758526,4.344768,-0.018937,0.00901,0.002749,32.49,64.2982371185103
57002,-8.202596,-3.748357,4.345366,-0.018479,0.00901,0.002596,32.49,64.2738498544829
57012,-8.200802,-3.744169,4.356134,-0.018326,0.008552,0.002443,32.48,64.2099623367682
57022,-8.193025,-3.754339,4.360919,-0.017562,0.007941,0.002749,32.48,64.1782301952571
57032,-8.191828,-3.754339,4.353741,-0.017562,0.00672,0.003054,32.51,64.212508258831
57042,-8.2014,-3.75733,4.348955,-0.016493,0.005956,0.003207,32.51,64.2619224243368
57052,-8.212168,-3.746562,4.346562,-0.016035,0.005192,0.003207,32.5,64.2874525946326
57062,-8.206185,-3.753142,4.350152,-0.015882,0.002902,0.003207,32.5,64.2622323794205
57072,-8.206783,-3.760919,4.342973,-0.015577,0.002749,0.003818,32.47,64.3086090090578
57082,-8.21157,-3.74716,4.344768,-0.015424,0.000764,0.002749,32.47,64.2959635334804
57092,-8.204391,-3.749553,4.346562,-0.014203,-0.000153,0.003207,32.51,64.272974349256
57102,-8.206783,-3.753142,4.348357,-0.014813,-0.002138,0.002749,32.51,64.2728314342853
57112,-8.200802,-3.751946,4.348357,-0.014203,-0.003054,0.002749,32.48,64.2580841526686
57122,-8.214561,-3.754937,4.338786,-0.013592,-0.004581,0.001833,32.52,64.3415442904774
57132,-8.206783,-3.753741,4.341179,-0.013897,-0.005192,0.001527,32.52,64.3104470567857
57142,-8.208578,-3.756732,4.346562,-0.01405,-0.006261,0.000764,32.5,64.2898380008006
57152,-8.210373,-3.758526,4.34417,-0.013744,-0.007789,0.000611,32.5,64.3080618990007
57162,-8.210971,-3.766901,4.347161,-0.013744,-0.00901,0.000305,32.5,64.3026497736715
57172,-8.218149,-3.751348,4.345366,-0.013744,-0.009774,-0.000305,32.5,64.3120311840293
57182,-8.204989,-3.751946,4.348955,-0.014813,-0.011759,-0.001222,32.47,64.264463020289
57193,-8.213365,-3.75733,4.350152,-0.01573,-0.011454,-0.001374,32.47,64.2827610311074
57202,-8.200203,-3.75733,4.352544,-0.01573,-0.010996,-0.001374,32.52,64.2407238390027
57212,-8.206185,-3.76391,4.351946,-0.014966,-0.011606,-0.002138,32.52,64.2641254472373
57222,-8.20798,-3.757928,4.358526,-0.016493,-0.012828,-0.003054,32.47,64.2281123762852
57232,-8.205587,-3.761517,4.355535,-0.016341,-0.013592,-0.004581,32.47,64.2418181799878
57242,-8.200802,-3.768696,4.354938,-0.016799,-0.013439,-0.004734,32.52,64.2415277258054
57252,-8.193025,-3.769294,4.359723,-0.017715,-0.013286,-0.005192,32.52,64.1999350721348
57262,-8.203195,-3.763312,4.359125,-0.018326,-0.013439,-0.005345,32.49,64.2197923544361
57272,-8.2014,-3.759125,4.360321,-0.018479,-0.013592,-0.006414,32.49,64.2052365200684
57282,-8.196614,-3.758526,4.362116,-0.018021,-0.012981,-0.00733,32.51,64.1845423904181
57292,-8.198408,-3.765106,4.357928,-0.019242,-0.011606,-0.007636,32.45,64.2169970139546
57302,-8.18764,-3.75733,4.372285,-0.020006,-0.010843,-0.007789,32.45,64.1105974553586
57312,-8.189436,-3.764508,4.363312,-0.020006,-0.009774,-0.008552,32.45,64.1683473674082
57322,-8.199606,-3.766303,4.367499,-0.020769,-0.009163,-0.007483,32.45,64.1716883250994
57332,-8.187043,-3.768098,4.368098,-0.020617,-0.007483,-0.007636,32.51,64.1420236325292
57342,-8.192427,-3.760919,4.365705,-0.019548,-0.005803,-0.00733,32.51,64.1590665008425
57352,-8.196614,-3.762115,4.360321,-0.0197,-0.00504,-0.007789,32.48,64.1975118764025
57362,-8.196015,-3.762115,4.365107,-0.020464,-0.00336,-0.008858,32.48,64.1715160486256
57376,-8.186445,-3.759723,4.359125,-0.020159,-0.001833,-0.008247,32.48,64.1781596627248
57382,-8.186445,-3.759723,4.359125,-0.020464,-0.000611,-0.008247,32.48,64.1781596627248
57392,-8.183454,-3.763312,4.369295,-0.020922,0.001222,-0.007636,32.45,64.1227271357839
57402,-8.177471,-3.763312,4.362714,-0.020311,0.002138,-0.00672,32.45,64.1430538547301
57412,-8.184649,-3.771089,4.360919,-0.020464,0.003818,-0.00672,32.5,64.1766910550921
57422,-8.181061,-3.769892,4.354339,-0.020311,0.005345,-0.006872,32.5,64.2012311848717
57432,-8.179864,-3.753142,4.359723,-0.019395,0.007025,-0.005651,32.47,64.1532976517078
57442,-8.189436,-3.751946,4.351348,-0.018784,0.007941,-0.004581,32.47,64.2169469931153
57452,-8.193623,-3.768098,4.354938,-0.018173,0.009163,-0.003512,32.48,64.2246896430824
57462,-8.192427,-3.768696,4.356134,-0.01741,0.010385,-0.001985,32.48,64.2164464171722
57472,-8.198408,-3.77049,4.353741,-0.017562,0.010385,-0.002749,32.48,64.2441493453434
57482,-8.196614,-3.768098,4.353143,-0.016952,0.010385,-0.001833,32.5,64.2406949357343
57492,-8.194819,-3.754339,4.356134,-0.016799,0.010385,-0.000764,32.5,64.206946682533
57502,-8.184649,-3.760321,4.350152,-0.016035,0.010385,0.000764,32.46,64.2209765896272
57512,-8.201998,-3.760919,4.348357,-0.015272,0.010232,0.000611,32.46,64.2700687984364
57522,-8.190034,-3.754937,4.353741,-0.014508,0.009774,0.001222,32.52,64.2090666837172
57532,-8.203793,-3.766303,4.34417,-0.013897,0.009468,0.002291,32.52,64.3012668089143
57542,-8.206783,-3.751946,4.355535,-0.014355,0.007636,0.001985,32.54,64.2346205864856
57552,-8.201998,-3.752544,4.350152,-0.013744,0.007025,0.003207,32.54,64.2521539536728
57562,-8.203195,-3.754339,4.348955,-0.013286,0.006109,0.002596,32.53,64.2628833771794
57572,-8.196015,-3.75075,4.342973,-0.012981,0.005651,0.003818,32.53,64.2737921613871
57582,-8.20798,-3.751946,4.35733,-0.012828,0.004429,0.002749,32.5,64.2280839924516
57592,-8.21157,-3.745964,4.359723,-0.012828,0.00336,0.003512,32.5,64.2177063095946
57602,-8.212766,-3.75733,4.343571,-0.011606,0.002138,0.003971,32.5,64.3153076777892
57612,-8.213962,-3.753741,4.34058,-0.011454,0.001527,0.003665,32.5,64.3297176251072
57622,-8.208578,-3.745964,4.351348,-0.011148,-0.00168,0.003971,32.48,64.2540680662185
57632,-8.220542,-3.748955,4.346562,-0.011301,-0.002596,0.003665,32.49,64.308804344527
57642,-8.202596,-3.74716,4.359125,-0.011759,-0.003512,0.002138,32.49,64.2017108433566
57652,-8.206185,-3.75075,4.351348,-0.011606,-0.004734,0.002138,32.49,64.2535997758335
57662,-8.216354,-3.753142,4.347759,-0.010843,-0.005803,0.001833,32.49,64.2975069175465
57672,-8.210971,-3.756732,4.352544,-0.011148,-0.006567,0.000916,32.48,64.2644261163999
57682,-8.213962,-3.754339,4.356732,-0.011912,-0.007636,-0.000305,32.48,64.2471491900197
57692,-8.203195,-3.755535,4.355535,-0.012523,-0.008094,-0.000305,32.49,64.2302212174995
57702,-8.206783,-3.762714,4.356732,-0.012065,-0.008247,-0.000305,32.49,64.2395958892684
57712,-8.213365,-3.762714,4.362714,-0.012523,-0.009774,-0.002596,32.5,64.2236791949226
57722,-8.198408,-3.76391,4.359723,-0.012523,-0.010843,-0.003054,32.5,64.2065128238488
57732,-8.209774,-3.752544,4.355535,-0.013286,-0.01069,-0.003512,32.53,64.2419980963401
57742,-8.206783,-3.771687,4.354339,-0.014203,-0.010843,-0.004581,32.53,64.2612076642604
57752,-8.206783,-3.769892,4.356732,-0.014508,-0.010996,-0.005345,32.49,64.2470309605622
57762,-8.203793,-3.758526,4.351946,-0.01405,-0.010843,-0.005651,32.49,64.2531540473368
57772,-8.200802,-3.764508,4.353741,-0.015424,-0.010996,-0.006414,32.51,64.2433487107265
57782,-8.193025,-3.76391,4.355535,-0.015119,-0.01069,-0.006414,32.51,64.2159094780552
57792,-8.197212,-3.758526,4.354938,-0.015882,-0.009774,-0.008705,32.46,64.222866350974
57802,-8.197212,-3.768098,4.354339,-0.017715,-0.009316,-0.008705,32.49,64.2358847322417
57812,-8.200203,-3.764508,4.354938,-0.017562,-0.008399,-0.008552,32.49,64.2358306859012
57822,-8.190034,-3.767499,4.359125,-0.017562,-0.007483,-0.008552,32.51,64.1943806298448
57832,-8.18764,-3.764508,4.368098,-0.018784,-0.00733,-0.009468,32.51,64.1396332401074
57842,-8.193025,-3.756134,4.364508,-0.018784,-0.006414,-0.009621,32.51,64.1616099700064
57852,-8.186445,-3.760321,4.363312,-0.019548,-0.005956,-0.009316,32.51,64.1572086885631
57862,-8.204391,-3.768696,4.361517,-0.0197,-0.004887,-0.010232,32.51,64.2157679699347
57872,-8.191828,-3.762115,4.359723,-0.019853,-0.003512,-0.008705,32.51,64.1897596374853
57882,-8.181659,-3.757928,4.353741,-0.019548,-0.002749,-0.008705,32.47,64.1932025316503
57892,-8.197212,-3.768098,4.359723,-0.018784,-0.001374,-0.008247,32.47,64.2081586526062
57902,-8.181659,-3.759125,4.36391,-0.018479,-0.000458,-0.007941,32.47,64.142024877521
57912,-8.188837,-3.760321,4.365705,-0.018937,0.001069,-0.008094,32.47,64.1503067704046
57922,-8.185846,-3.759723,4.362714,-0.01909,0.00168,-0.007025,32.47,64.1583084850083
57932,-8.185846,-3.765106,4.360321,-0.018784,0.002902,-0.005803,32.47,64.1762451148174
57942,-8.168499,-3.753741,4.362714,-0.01909,0.00336,-0.005956,32.49,64.1126695998324
57952,-8.186445,-3.759723,4.355535,-0.017562,0.00504,-0.005345,32.49,64.1966635957788
57962,-8.195418,-3.755535,4.357928,-0.01741,0.006109,-0.004429,32.46,64.2003001829546
57972,-8.181659,-3.75733,4.358526,-0.016646,0.007178,-0.003054,32.46,64.1679050530792
57992,-8.191828,-3.760919,4.354339,-0.016035,0.008247,-0.001833,32.48,64.216257389571
58002,-8.185846,-3.753142,4.355535,-0.014966,0.008858,-0.001069,32.48,64.1884632472955
58012,-8.179864,-3.753142,4.36391,-0.014661,0.009163,-0.000916,32.47,64.1317120655757
58022,-8.186445,-3.753741,4.361517,-0.014966,0.009621,-0.000458,32.47,64.1596085451231
58032,-8.188837,-3.760321,4.354339,-0.013897,0.00901,-0.000458,32.49,64.2088670306126
58042,-8.196015,-3.762714,4.349553,-0.01405,0.00901,-0.000153,32.49,64.2522536970724
58052,-8.19123,-3.755535,4.345964,-0.013134,0.009316,0.000611,32.5,64.2524994485662
58062,-8.192427,-3.762714,4.347161,-0.012675,0.009316,0.001374,32.5,64.2564787663672
58072,-8.204989,-3.752544,4.348955,-0.012217,0.008705,0.000305,32.49,64.2650807811894
58082,-8.203195,-3.760321,4.341179,-0.011912,0.007483,0.001069,32.49,64.309150261068
58092,-8.196614,-3.754339,4.342973,-0.011301,0.00672,0.000153,32.46,64.2788588247737
58102,-8.196015,-3.756732,4.350152,-0.011148,0.006872,0.001069,32.46,64.2429642409091
58112,-8.213365,-3.760919,4.345964,-0.01069,0.006261,0.001833,32.48,64.3080311692292
58122,-8.195418,-3.756134,4.345366,-0.010385,0.00504,0.001527,32.48,64.2656722239362
58132,-8.199606,-3.748955,4.352544,-0.010385,0.004429,0.000458,32.46,64.2307047536638
58142,-8.215756,-3.751946,4.345366,-0.009468,0.001069,0.001069,32.47,64.3072525614668
58152,-8.205587,-3.753142,4.342375,-0.009621,0,0.000458,32.47,64.3009645767431
58162,-8.213365,-3.757928,4.347759,-0.009316,-0.001374,0.000611,32.49,64.2957010383803
58172,-8.218747,-3.747759,4.35733,-0.009621,-0.002443,-0.000611,32.49,64.2480937506286
58182,-8.215158,-3.754937,4.353741,-0.010385,-0.00336,0.000153,32.48,64.2658602414871
58192,-8.213962,-3.753142,4.347161,-0.009621,-0.004734,-0.000764,32.48,64.2951930251471
58202,-8.21157,-3.753741,4.348357,-0.009316,-0.006261,-0.001069,32.49,64.2842542388842
58212,-8.202596,-3.759125,4.35733,-0.009316,-0.006872,-0.000916,32.49,64.2233406969379
58222,-8.203793,-3.755535,4.356134,-0.010079,-0.007789,-0.001985,32.49,64.2284882464414
58232,-8.2014,-3.762115,4.35733,-0.010385,-0.009163,-0.002749,32.49,64.2237360648609
58242,-8.213962,-3.759125,4.35733,-0.010843,-0.009621,-0.003054,32.48,64.2490132563774
58252,-8.218747,-3.768098,4.352544,-0.012065,-0.009621,-0.004276,32.48,64.2936888336446
58262,-8.209177,-3.753741,4.363312,-0.011454,-0.010385,-0.003971,32.52,64.2018581156424
58272,-8.207382,-3.754937,4.354938,-0.012828,-0.011148,-0.004429,32.52,64.2421400086602
58282,-8.202596,-3.762714,4.360321,-0.013134,-0.011301,-0.004581,32.51,64.2116621678503
58292,-8.196015,-3.766303,4.35733,-0.013439,-0.010843,-0.005192,32.51,64.2159101209131
58302,-8.199007,-3.763312,4.352544,-0.01405,-0.011148,-0.005498,32.49,64.244220238194
58312,-8.193025,-3.757928,4.360919,-0.014813,-0.01069,-0.006109,32.49,64.1819580023904
58322,-8.195418,-3.763312,4.354339,-0.014508,-0.009927,-0.006567,32.5,64.2268616657737
58332,-8.198408,-3.758526,4.360919,-0.015424,-0.010079,-0.006414,32.47,64.194766843339
58342,-8.193025,-3.759723,4.360919,-0.014813,-0.009163,-0.005803,32.47,64.1838231529159
58352,-8.208578,-3.771089,4.354938,-0.015577,-0.009163,-0.006567,32.46,64.2615522844139
58362,-8.191828,-3.760321,4.361517,-0.016493,-0.008094,-0.006872,32.46,64.1786537161483
58372,-8.188239,-3.768098,4.371687,-0.016493,-0.00672,-0.006414,32.47,64.1262621555942
58382,-8.193025,-3.760919,4.360919,-0.016952,-0.00504,-0.005803,32.47,64.1850661629138
58392,-8.194819,-3.760919,4.369295,-0.017104,-0.003512,-0.00672,32.52,64.1460086528928
58402,-8.181061,-3.762714,4.364508,-0.017715,-0.002902,-0.007941,32.52,64.1413303143797
58412,-8.182856,-3.762714,4.364508,-0.018173,-0.00168,-0.007025,32.48,64.1454022944769
58422,-8.189436,-3.759723,4.364508,-0.018326,-0.001222,-0.007178,32.48,64.1572067253846
58432,-8.19123,-3.756732,4.362714,-0.018479,0.000916,-0.006261,32.5,64.1674021747842
58442,-8.191828,-3.760919,4.364508,-0.018326,0.002138,-0.006414,32.5,64.1638723305651
58452,-8.187043,-3.752544,4.370491,-0.018326,0.003207,-0.00733,32.49,64.113492722497
58462,-8.193025,-3.766303,4.36391,-0.017868,0.003971,-0.006261,32.49,64.1752640147385
58472,-8.188239,-3.746562,4.364508,-0.019395,0.00504,-0.00672,32.46,64.1408046325867
58482,-8.192427,-3.754937,4.360321,-0.018937,0.007178,-0.007636,32.46,64.180576763709
58492,-8.18764,-3.757928,4.36391,-0.018173,0.008094,-0.005803,32.47,64.1543463991033
58502,-8.187043,-3.753142,4.365705,-0.017868,0.008858,-0.004887,32.46,64.1387644622413
58512,-8.184649,-3.751946,4.356732,-0.018021,0.009774,-0.005498,32.46,64.1783335963366
58522,-8.196015,-3.752544,4.358526,-0.018479,0.010232,-0.005651,32.47,64.1954689724189
58532,-8.194221,-3.762115,4.35075,-0.01741,0.010232,-0.004276,32.47,64.2414086015227
58542,-8.194819,-3.756732,4.352544,-0.017715,0.009621,-0.003818,32.48,64.227929775188
58552,-8.185846,-3.753741,4.351946,-0.016493,0.010537,-0.003054,32.48,64.2075943114583
58562,-8.190034,-3.756134,4.362116,-0.016188,0.010079,-0.003054,32.5,64.1671498264494
58572,-8.191828,-3.752544,4.353143,-0.016188,0.010385,-0.002902,32.5,64.2137287901233
58582,-8.187043,-3.741776,4.348357,-0.015882,0.009316,-0.001985,32.46,64.2164088883259
58592,-8.204989,-3.754937,4.348357,-0.01573,0.008858,-0.001833,32.46,64.2706348288976
58602,-8.206185,-3.756134,4.35075,-0.015424,0.007636,-0.000916,32.48,64.2622432625472
58612,-8.200203,-3.756134,4.353741,-0.014813,0.006567,-0.001374,32.48,64.2333180513285
58622,-8.194819,-3.761517,4.344768,-0.01405,0.005651,0.000153,32.47,64.2729806355903
58632,-8.202596,-3.759723,4.345366,-0.013134,0.004887,-0.000153,32.47,64.2855958949836
58642,-8.203195,-3.754339,4.346562,-0.012981,0.004276,-0.000153,32.46,64.2752168227522
58652,-8.204391,-3.75733,4.354938,-0.012981,0.002749,0.000611,32.46,64.2378567615857
58662,-8.194819,-3.756732,4.342375,-0.011759,0.000611,0.001069,32.48,64.2803657982695
58672,-8.218747,-3.74716,4.341777,-0.01237,-0.000764,0.000305,32.48,64.3275623408989
58682,-8.209177,-3.757928,4.345366,-0.012217,-0.00168,0.000611,32.48,64.2985859601177
58692,-8.18764,-3.75075,4.349553,-0.011759,-0.002749,0.000764,32.51,64.2208965969619
58702,-8.210373,-3.755535,4.358526,-0.011759,-0.003512,0.001069,32.51,64.2310449401659
58712,-8.21157,-3.74716,4.351348,-0.011301,-0.005192,0.000764,32.48,64.2620621533256
58722,-8.203793,-3.745365,4.351348,-0.010537,-0.005803,0.000916,32.48,64.2426303310451
58732,-8.203793,-3.758526,4.349553,-0.010385,-0.00672,0.001069,32.49,64.2654823482976
58742,-8.204391,-3.757928,4.350152,-0.010843,-0.007636,0.000764,32.49,64.263127895414
58752,-8.207382,-3.758526,4.349553,-0.010843,-0.008247,0,32.49,64.2735835550543
58762,-8.206783,-3.757928,4.362116,-0.011606,-0.008858,-0.000611,32.49,64.2069309639296
58772,-8.200203,-3.753142,4.359723,-0.012065,-0.009163,-0.000153,32.47,64.1994061918926
58782,-8.199007,-3.753142,4.359125,-0.011454,-0.00901,-0.000916,32.47,64.1997784184023
58792,-8.204391,-3.763312,4.356134,-0.01237,-0.010232,-0.00168,32.46,64.2378920255976
58802,-8.205587,-3.759723,4.357928,-0.012828,-0.009774,-0.002138,32.46,64.2276410904747
58812,-8.198408,-3.76391,4.359723,-0.013134,-0.009621,-0.001985,32.5,64.2065128238488
58822,-8.199606,-3.77049,4.360919,-0.013286,-0.009468,-0.002596,32.5,64.2098981104115
58833,-8.19123,-3.759125,4.368696,-0.01405,-0.009468,-0.004887,32.47,64.1390883346818
58842,-8.209177,-3.762115,4.359723,-0.014203,-0.008705,-0.005345,32.49,64.2289886447048
58852,-8.200203,-3.757928,4.36391,-0.014966,-0.00901,-0.005498,32.49,64.182811427041
58862,-8.193025,-3.768098,4.35733,-0.01573,-0.008094,-0.00672,32.47,64.2110156752259
58872,-8.193025,-3.765106,4.365705,-0.016188,-0.007789,-0.007178,32.47,64.1647777543131
58882,-8.19123,-3.751946,4.371687,-0.016646,-0.007483,-0.006567,32.45,64.1162224717752
58892,-8.189436,-3.756732,4.362714,-0.017257,-0.006872,-0.006567,32.45,64.1633353884421
58902,-8.192427,-3.754937,4.35733,-0.017562,-0.006109,-0.007483,32.48,64.1959876114239
58912,-8.192427,-3.765106,4.35733,-0.017715,-0.005956,-0.00733,32.48,64.2065521208395
58922,-8.194819,-3.765106,4.365107,-0.018173,-0.004429,-0.007025,32.47,64.1719180840058
58932,-8.18764,-3.754937,4.376472,-0.018326,-0.003665,-0.007636,32.47,64.0865539846081
58942,-8.202596,-3.760919,4.366303,-0.018784,-0.002749,-0.006872,32.49,64.1790162900862
58952,-8.185846,-3.755535,4.366901,-0.019395,-0.002443,-0.006567,32.49,64.1323777878525
58962,-8.186445,-3.760919,4.364508,-0.018784,-0.001069,-0.006567,32.48,64.1516707147135
58972,-8.178668,-3.754339,4.36391,-0.018326,0.000153,-0.006872,32.48,64.1302430800704
58982,-8.185846,-3.763312,4.363312,-0.019853,0.001069,-0.007178,32.46,64.158966693794
58992,-8.19123,-3.765106,4.360919,-0.019548,0.001222,-0.00733,32.46,64.1853565828199
59002,-8.181659,-3.758526,4.362116,-0.019242,0.003054,-0.005803,32.47,64.1506456530068
59012,-8.193623,-3.76391,4.362714,-0.018937,0.003971,-0.005192,32.44,64.1802860728658
59022,-8.18764,-3.754937,4.363312,-0.019242,0.004429,-0.003665,32.44,64.1543146153331
59032,-8.193025,-3.759125,4.353143,-0.018479,0.00504,-0.004276,32.5,64.2232667731065
59042,-8.190632,-3.759125,4.36391,-0.018937,0.006109,-0.00336,32.5,64.1623752762748
59052,-8.186445,-3.762115,4.359125,-0.018326,0.007025,-0.002902,32.49,64.1806495887317
59062,-8.196614,-3.755535,4.35733,-0.017562,0.007178,-0.001833,32.49,64.2060883292793
59072,-8.194221,-3.747759,4.357928,-0.016799,0.007483,-0.001527,32.51,64.1895244189561
59082,-8.190034,-3.745964,4.35733,-0.017104,0.008247,-0.001374,32.51,64.1812516809979
59092,-8.203195,-3.753142,4.356732,-0.016493,0.007789,-0.001069,32.48,64.2215798550452
59102,-8.193025,-3.755535,4.35733,-0.015424,0.007483,-0.001222,32.48,64.1979627317533
59112,-8.193025,-3.754937,4.355535,-0.015424,0.008247,-0.000305,32.5,64.2065921500076
59122,-8.196614,-3.749553,4.35733,-0.015272,0.007941,0.000305,32.5,64.1998872701481
59132,-8.196614,-3.762115,4.349553,-0.014661,0.007636,0.000458,32.46,64.2529857439179
59142,-8.204391,-3.745365,4.344768,-0.014508,0.00672,0.000611,32.46,64.2779013597293
59152,-8.199606,-3.748955,4.347759,-0.01405,0.006414,0.001069,32.47,64.255370741575
59162,-8.196614,-3.744169,4.341777,-0.012828,0.005192,0.001374,32.47,64.2745144472257
59172,-8.196015,-3.750151,4.345366,-0.011759,0.005192,0.001374,32.52,64.2608282519696
59182,-8.209774,-3.756732,4.352544,-0.011759,0.002291,0.002596,32.46,64.2617243065499
59192,-8.204989,-3.756134,4.346562,-0.010843,0.001527,0.001833,32.46,64.2811219626679
59202,-8.200802,-3.750151,4.348955,-0.011454,-0.000153,0.001222,32.48,64.2531455981362
59212,-8.200203,-3.760321,4.349553,-0.009927,-0.000305,0.002596,32.48,64.2592335011115
59222,-8.210971,-3.754339,4.356134,-0.009927,-0.001374,0.002902,32.49,64.2434723218486
59232,-8.209177,-3.748955,4.358526,-0.010385,-0.002138,0.001374,32.49,64.2215432461254
59242,-8.207382,-3.753741,4.345964,-0.010385,-0.003512,0.00168,32.5,64.2871333884824
59252,-8.210373,-3.762115,4.345366,-0.010537,-0.00504,0.000458,32.5,64.3056044426661
59262,-8.210971,-3.749553,4.348357,-0.010232,-0.005651,0,32.46,64.2785838907194
59272,-8.202596,-3.759125,4.35075,-0.010232,-0.006261,-0.000153,32.46,64.2572319482458
59282,-8.20798,-3.748357,4.355535,-0.011148,-0.006567,-0.001222,32.5,64.2336192424738
59292,-8.201998,-3.754937,4.359723,-0.010537,-0.00733,-0.000764,32.5,64.20532817784
59302,-8.212168,-3.754937,4.358526,-0.011301,-0.007178,-0.00168,32.51,64.2344823563185
59312,-8.207382,-3.756732,4.358526,-0.011759,-0.007789,-0.002749,32.51,64.2255237775385
59322,-8.20798,-3.766901,4.354339,-0.01237,-0.008858,-0.003207,32.48,64.2589501448727
59332,-8.205587,-3.756732,4.362116,-0.012675,-0.008247,-0.004123,32.48,64.2029879332558
59342,-8.19123,-3.756134,4.356134,-0.013439,-0.008399,-0.004429,32.47,64.2006830114062
59352,-8.207382,-3.763312,4.365107,-0.014508,-0.008858,-0.005651,32.47,64.1984745917659
59362,-8.199606,-3.759723,4.359723,-0.014661,-0.007178,-0.005803,32.5,64.2048774735575
59372,-8.190034,-3.758526,4.359125,-0.01573,-0.007636,-0.006261,32.46,64.1850463202313
59382,-8.19781,-3.756134,4.35733,-0.016188,-0.00733,-0.007483,32.46,64.2094162211424
59392,-8.193025,-3.758526,4.36391,-0.016341,-0.006261,-0.007636,32.49,64.1671754457842
59402,-8.190632,-3.760321,4.35733,-0.016035,-0.006109,-0.007178,32.49,64.1975156040929
59412,-8.193025,-3.757928,4.359723,-0.016799,-0.005803,-0.008705,32.47,64.1881187192619
59422,-8.195418,-3.765705,4.354938,-0.016799,-0.005345,-0.00901,32.47,64.2262604441976
59432,-8.190632,-3.761517,4.356732,-0.017715,-0.003971,-0.008399,32.48,64.2018402559678
59442,-8.188239,-3.759125,4.361517,-0.017562,-0.003665,-0.008094,32.48,64.1692778736935
59452,-8.188239,-3.766303,4.360919,-0.017715,-0.002291,-0.007789,32.5,64.1798309693462
59462,-8.19123,-3.768696,4.35733,-0.018326,-0.002596,-0.008552,32.5,64.2075785864464
59472,-8.199007,-3.762714,4.362714,-0.018021,-0.001833,-0.008247,32.49,64.1912280829311
59482,-8.197212,-3.75733,4.368696,-0.018021,-0.001374,-0.007636,32.49,64.1507839278909
59492,-8.186445,-3.75733,4.372883,-0.018021,-0.000611,-0.007178,32.48,64.1048053909914
59502,-8.188239,-3.759125,4.360919,-0.018173,0.000458,-0.007789,32.48,64.1723588085135
59512,-8.187043,-3.756732,4.354938,-0.017562,0.001069,-0.006261,32.46,64.1979856788225
59522,-8.187043,-3.751946,4.358526,-0.018631,0.001833,-0.006567,32.46,64.1745142151393
59532,-8.188239,-3.75733,4.355535,-0.018173,0.003054,-0.005345,32.47,64.1982388295103
59542,-8.196614,-3.756134,4.362116,-0.018173,0.003665,-0.005956,32.44,64.1820593795928
59552,-8.193025,-3.751946,4.36391,-0.017562,0.003971,-0.004276,32.44,64.1603389429708
59562,-8.19123,-3.75733,4.359723,-0.017562,0.004581,-0.004429,32.51,64.1834315728874
59572,-8.199007,-3.748357,4.362714,-0.017562,0.004887,-0.003971,32.51,64.1763368680722
59582,-8.193025,-3.751348,4.354339,-0.017562,0.005651,-0.003512,32.48,64.2090335851054
59592,-8.192427,-3.766303,4.359125,-0.016646,0.005498,-0.002902,32.48,64.1985506682162
59602,-8.194221,-3.75733,4.354938,-0.016493,0.006261,-0.001374,32.48,64.214859141232
59612,-8.182258,-3.758526,4.35733,-0.01573,0.005803,-0.001374,32.48,64.1766753718407
59622,-8.181061,-3.757928,4.361517,-0.015577,0.005956,-0.001222,32.44,64.1517527651799
59632,-8.197212,-3.756732,4.355535,-0.014966,0.005803,-0.000153,32.44,64.217930344762
59642,-8.200802,-3.751946,4.349553,-0.014508,0.006109,-0.000458,32.49,64.2519192964967
59652,-8.191828,-3.750151,4.349553,-0.014355,0.005498,0,32.49,64.2297593423978
59662,-8.194221,-3.760321,4.34417,-0.013897,0.005498,0.000305,32.49,64.2734743979062
59672,-8.193623,-3.745964,4.356134,-0.012217,0.005192,0.000153,32.49,64.1955546904961
59682,-8.189436,-3.755535,4.353143,-0.012523,0.003971,0.000764,32.46,64.2114165180269
59692,-8.204989,-3.754937,4.35075,-0.012217,0.003665,0.000916,32.46,64.258304903329
59702,-8.199606,-3.75075,4.350152,-0.011454,0.001833,-0.000458,32.47,64.2448905175922
59712,-8.210971,-3.75075,4.35075,-0.011148,0.001833,-0.000305,32.48,64.2674912318941
59722,-8.205587,-3.745964,4.345964,-0.010996,0.000153,-0.000764,32.48,64.275055435671
59732,-8.207382,-3.748357,4.347161,-0.010385,-0.001374,-0.001833,32.51,64.2754089666019
59742,-8.215158,-3.75075,4.352544,-0.009774,-0.001069,-0.000153,32.51,64.2677055851201
59752,-8.200203,-3.747759,4.356732,-0.009927,-0.001833,-0.001069,32.51,64.2092384718134
59762,-8.206783,-3.75733,4.353143,-0.010079,-0.002902,-0.001222,32.51,64.2525044640289
59772,-8.20798,-3.756134,4.351348,-0.009621,-0.003818,-0.001374,32.48,64.2632158895578
59782,-8.20798,-3.756732,4.354938,-0.010385,-0.003971,-0.000458,32.48,64.2453464636733
59792,-8.204989,-3.754339,4.356732,-0.009468,-0.004429,-0.001069,32.5,64.2268751932565
59802,-8.201998,-3.75733,4.359125,-0.009468,-0.004581,-0.001527,32.5,64.2108863413499
59812,-8.191828,-3.756134,4.347759,-0.01069,-0.006109,-0.002902,32.49,64.2452145617944
59822,-8.203793,-3.760919,4.354938,-0.010537,-0.005956,-0.002291,32.49,64.2402210712573
59832,-8.213962,-3.760321,4.362714,-0.010996,-0.006567,-0.002443,32.48,64.2225526566792
59842,-8.201998,-3.753741,4.353143,-0.010996,-0.007025,-0.002902,32.48,64.2379801185562
59852,-8.207382,-3.761517,4.362116,-0.011454,-0.007025,-0.003054,32.47,64.2120015480634
59862,-8.198408,-3.762115,4.354339,-0.011454,-0.005956,-0.003207,32.47,64.232378287116
59872,-8.18764,-3.759723,4.356732,-0.012217,-0.005803,-0.003818,32.51,64.1932001604951
59882,-8.19781,-3.763312,4.360919,-0.012523,-0.006109,-0.004276,32.5,64.1983816505922
59892,-8.200802,-3.757928,4.354339,-0.013592,-0.006261,-0.004581,32.5,64.2334496744734
59902,-8.204989,-3.761517,4.359723,-0.013286,-0.005345,-0.004123,32.52,64.2189081552416
59912,-8.193623,-3.763312,4.365705,-0.013439,-0.004734,-0.004734,32.52,64.1642654356266
59922,-8.196614,-3.759125,4.35733,-0.014203,-0.003818,-0.005345,32.5,64.2098123817947
59932,-8.190632,-3.754937,4.353143,-0.014661,-0.003818,-0.005345,32.5,64.2135037710024
59942,-8.200203,-3.758526,4.362116,-0.014966,-0.002749,-0.005345,32.48,64.1926664355492
59952,-8.190034,-3.76391,4.35733,-0.014661,-0.002596,-0.005651,32.48,64.1998937151156
59962,-8.180463,-3.766303,4.352544,-0.014966,-0.001527,-0.004887,32.45,64.2053911810424
59972,-8.191828,-3.765705,4.357928,-0.015272,-0.001374,-0.005345,32.45,64.2027392809315
59982,-8.188239,-3.760321,4.361517,-0.016188,0,-0.005651,32.48,64.1705224549788
59992,-8.186445,-3.77049,4.362714,-0.015577,0.000916,-0.005651,32.48,64.1708869499223
60002,-8.182856,-3.764508,4.360321,-0.016646,0.001527,-0.005956,32.49,64.1688470428564
60012,-8.189436,-3.766901,4.365705,-0.016646,0.001985,-0.006261,32.49,64.1585178854037
60022,-8.18764,-3.765705,4.362116,-0.016341,0.002596,-0.007025,32.48,64.1716857421302
60032,-8.194221,-3.769294,4.362714,-0.016952,0.003665,-0.006414,32.48,64.1872401598597
60042,-8.188239,-3.762115,4.354938,-0.016646,0.004734,-0.006872,32.5,64.2062910734502
60052,-8.199007,-3.75733,4.35075,-0.017104,0.004429,-0.006872,32.54,64.2472650763297
60062,-8.199606,-3.755535,4.358526,-0.016341,0.004734,-0.006567,32.54,64.2066992477332
60072,-8.202596,-3.763312,4.361517,-0.016646,0.005192,-0.007636,32.46,64.206126536508
60082,-8.207382,-3.759723,4.354938,-0.01741,0.005192,-0.007789,32.46,64.2470889252234
60092,-8.195418,-3.754339,4.348357,-0.017104,0.005956,-0.007025,32.48,64.2483891074709
60102,-8.184649,-3.754937,4.347759,-0.016646,0.005192,-0.006872,32.48,64.2277256639065
60112,-8.194221,-3.762115,4.355535,-0.016341,0.005498,-0.00672,32.52,64.2167500158404
60122,-8.206783,-3.762115,4.351946,-0.016035,0.00504,-0.006261,32.52,64.2636175520395
60132,-8.194819,-3.753142,4.35733,-0.016035,0.00504,-0.006872,32.49,64.1995424612246
60142,-8.205587,-3.756134,4.352544,-0.015424,0.004581,-0.006261,32.49,64.2516516352365
60152,-8.200203,-3.748357,4.351348,-0.014813,0.004123,-0.006261,32.5,64.2376011382425
60162,-8.204391,-3.759723,4.350152,-0.014813,0.004123,-0.005498,32.5,64.2649845965419
60172,-8.203195,-3.756134,4.355535,-0.013744,0.004123,-0.004887,32.47,64.2308412113817
60182,-8.2014,-3.748955,4.348357,-0.012981,0.003054,-0.004581,32.47,64.2563439865797
60192,-8.199606,-3.756134,4.348955,-0.012523,0.002596,-0.004276,32.48,64.2566316888521
60202,-8.204989,-3.743571,4.351946,-0.011912,0.002443,-0.003818,32.48,64.240401983
60212,-8.197212,-3.753741,4.346562,-0.011912,0.001985,-0.00336,32.5,64.2610814018499
60222,-8.193025,-3.751348,4.350152,-0.010385,0.000305,-0.002596,32.48,64.2306204733794
60232,-8.204989,-3.745365,4.351946,-0.010079,-0.000458,-0.001833,32.48,64.2422539555002
60242,-8.200203,-3.751348,4.347161,-0.009774,-0.001374,-0.002291,32.49,64.2622776423393
60252,-8.203793,-3.747759,4.349553,-0.00901,-0.00168,-0.000916,32.49,64.2543536327587
60262,-8.203195,-3.753142,4.351348,-0.009163,-0.001833,-0.001222,32.48,64.2493146560843
60272,-8.215756,-3.763312,4.357928,-0.008705,-0.002749,-0.000458,32.48,64.2543092615033
60282,-8.208578,-3.749553,4.348955,-0.008705,-0.002749,0.000764,32.48,64.2700994072099
60292,-8.200203,-3.758526,4.356134,-0.008705,-0.002749,0.000916,32.48,64.2234691506028
60302,-8.195418,-3.75733,4.353143,-0.008247,-0.003207,0.001069,32.46,64.2268177172145
60312,-8.200203,-3.752544,4.359125,-0.008399,-0.004734,0.000611,32.46,64.2018663328911
60322,-8.212168,-3.769892,4.35075,-0.008399,-0.004276,0.000611,32.52,64.2899591472037
60332,-8.203195,-3.759723,4.365107,-0.00901,-0.00504,0,32.52,64.1852847088588
60342,-8.208578,-3.750151,4.349553,-0.008399,-0.004734,0,32.48,64.2676353646652
60352,-8.196614,-3.755535,4.355535,-0.008094,-0.004887,-0.000458,32.48,64.2153362385609
60362,-8.209774,-3.76391,4.354339,-0.008552,-0.005498,-0.00168,32.5,64.2599021796291
60372,-8.199606,-3.766901,4.356134,-0.009316,-0.004734,-0.00168,32.5,64.2308053696958
60382,-8.214561,-3.758526,4.359125,-0.009316,-0.004581,-0.000916,32.46,64.2405112284119
60392,-8.207382,-3.762115,4.363312,-0.009927,-0.003818,-0.00168,32.48,64.206467775484
60402,-8.196614,-3.768696,4.367499,-0.009316,-0.003207,-0.002596,32.48,64.1674061666313
60412,-8.190034,-3.759723,4.362116,-0.010843,-0.00336,-0.003971,32.46,64.1708821879452
60422,-8.194221,-3.771089,4.365107,-0.012217,-0.002902,-0.004276,32.46,64.1767911023518
60432,-8.19123,-3.766303,4.356134,-0.01237,-0.00336,-0.005345,32.48,64.211250890159
60442,-8.20798,-3.764508,4.361517,-0.012217,-0.002596,-0.005651,32.48,64.2195325930409
60452,-8.199007,-3.762115,4.350152,-0.013592,-0.002291,-0.006109,32.47,64.2553041446818
60462,-8.205587,-3.766901,4.359723,-0.01405,-0.00168,-0.00733,32.47,64.225838788297
60472,-8.199606,-3.761517,4.362714,-0.014203,-0.000764,-0.007636,32.48,64.1913407029116
60482,-8.20798,-3.765106,4.363312,-0.014966,0.000153,-0.008705,32.48,64.2109181084889
60492,-8.2014,-3.763312,4.357928,-0.015119,0.000916,-0.008552,32.45,64.2218981720507
60502,-8.203793,-3.758526,4.362116,-0.015882,0.001222,-0.009774,32.45,64.2007885979497
60512,-8.196614,-3.759723,4.355535,-0.015882,0.001374,-0.009316,32.45,64.2196796965803
60522,-8.193025,-3.771089,4.359125,-0.016188,0.002138,-0.009163,32.45,64.2048823985812
60532,-8.196015,-3.753741,4.358526,-0.016646,0.002749,-0.009774,32.47,64.1967103224609
60542,-8.189436,-3.762714,4.35075,-0.016646,0.003207,-0.010079,32.47,64.2312118487304
60552,-8.207382,-3.768098,4.358526,-0.017257,0.003512,-0.009468,32.47,64.2372913717877
60562,-8.194221,-3.763312,4.356134,-0.017104,0.004581,-0.008552,32.47,64.2149071435743
60572,-8.193623,-3.760919,4.365107,-0.016341,0.004734,-0.00901,32.47,64.1648550471086
60582,-8.19123,-3.755535,4.350152,-0.017104,0.004734,-0.00733,32.46,64.2308997135565
60592,-8.189436,-3.758526,4.353143,-0.015119,0.004887,-0.00733,32.46,64.2145231054156
60602,-8.185846,-3.75733,4.351946,-0.015119,0.00504,-0.007178,32.46,64.2113241043528
60612,-8.192427,-3.756134,4.351946,-0.015577,0.005192,-0.00672,32.46,64.2249800652244
60622,-8.204391,-3.756134,4.35733,-0.015272,0.005651,-0.005651,32.5,64.2243014001656
60632,-8.192427,-3.748955,4.35075,-0.014966,0.005651,-0.004887,32.5,64.2237029954857
60642,-8.188239,-3.757928,4.355535,-0.014508,0.004887,-0.004581,32.46,64.1988604018676
60652,-8.197212,-3.762115,4.346562,-0.014661,0.004734,-0.003818,32.46,64.2697541088486
60662,-8.198408,-3.752544,4.355535,-0.014355,0.00504,-0.004276,32.48,64.2162963702213
60672,-8.203793,-3.760321,4.348357,-0.013592,0.004734,-0.003512,32.48,64.2735015595576
60682,-8.204391,-3.751946,4.355535,-0.012828,0.004734,-0.003512,32.52,64.2292123629468
60692,-8.203793,-3.748955,4.347161,-0.01237,0.004734,-0.003207,32.52,64.2679180459658
60702,-8.199007,-3.750151,4.359125,-0.012217,0.004581,-0.002902,32.45,64.1966794613457
60712,-8.204989,-3.746562,4.354339,-0.012523,0.003818,-0.002596,32.45,64.2311608570784
60722,-8.193623,-3.75733,4.348955,-0.011454,0.002902,-0.002596,32.48,64.2443466908205
60732,-8.206783,-3.74716,4.354938,-0.010537,0.002443,-0.002138,32.48,64.2327509299653
60742,-8.200802,-3.754937,4.351348,-0.010232,0.001527,-0.002291,32.48,64.2457629164903
60752,-8.200802,-3.750151,4.349553,-0.008399,0.000916,-0.001374,32.46,64.2500630911312
60762,-8.215756,-3.753142,4.354938,-0.008705,0.000458,-0.000458,32.46,64.2591976309711
60772,-8.196614,-3.755535,4.348955,-0.008247,-0.000611,-0.002291,32.46,64.249248986478
60782,-8.208578,-3.756134,4.353741,-0.007941,-0.000764,-0.001222,32.46,64.2522424050718
60792,-8.210971,-3.758526,4.347161,-0.008247,-0.001374,-0.002291,32.47,64.2940007757432
60802,-8.208578,-3.76391,4.361517,-0.00733,-0.001527,-0.001985,32.47,64.2202638731037
60812,-8.204391,-3.762115,4.354938,-0.007941,-0.002749,-0.00168,32.49,64.2428102738375
60822,-8.208578,-3.754937,4.353741,-0.00733,-0.003818,-0.002443,32.49,64.2510055840994
60832,-8.194819,-3.757928,4.359125,-0.006872,-0.004581,-0.001833,32.46,64.1952613646274
60842,-8.200802,-3.745964,4.35733,-0.006567,-0.004429,-0.002291,32.46,64.2056569159355
60852,-8.19781,-3.752544,4.362116,-0.006414,-0.004734,-0.003207,32.48,64.1810440878014
60862,-8.193623,-3.753142,4.351946,-0.006414,-0.004581,-0.003054,32.48,64.2245836780227
60872,-8.203195,-3.751348,4.353741,-0.006872,-0.005498,-0.002596,32.52,64.2351304736677
60882,-8.200203,-3.769892,4.359723,-0.007941,-0.005192,-0.003512,32.52,64.2167816228139
60892,-8.206783,-3.766303,4.353741,-0.007789,-0.005803,-0.004276,32.45,64.2587092271076
60902,-8.190632,-3.757928,4.360919,-0.008399,-0.005803,-0.004429,32.45,64.1765366778988
60912,-8.19781,-3.758526,4.356134,-0.008247,-0.004887,-0.004734,32.48,64.2180574425421
60922,-8.209774,-3.760919,4.364508,-0.009163,-0.004734,-0.00504,32.44,64.2044830703293
60932,-8.192427,-3.762115,4.35733,-0.010079,-0.004734,-0.004734,32.44,64.2034431772429
60942,-8.199007,-3.765106,4.357928,-0.01069,-0.004123,-0.004887,32.5,64.2183509612781
60952,-8.198408,-3.762714,4.359125,-0.009927,-0.003512,-0.006109,32.5,64.2083503921326
60962,-8.206783,-3.759723,4.359723,-0.010996,-0.003512,-0.006109,32.48,64.2211043644769
60972,-8.190034,-3.766901,4.357928,-0.012065,-0.00336,-0.006567,32.48,64.1999245687702
60982,-8.196614,-3.766303,4.363312,-0.011454,-0.002443,-0.007025,32.5,64.1864646629666
60992,-8.184649,-3.762714,4.357928,-0.011759,-0.000916,-0.00672,32.5,64.1833734054695
61002,-8.194819,-3.767499,4.359723,-0.012523,-0.000764,-0.005956,32.5,64.2021253396317
61012,-8.180463,-3.761517,4.372883,-0.012981,0.000305,-0.006567,32.5,64.0955859295227
61022,-8.19781,-3.765106,4.366901,-0.012675,0.000916,-0.007178,32.48,64.1694561516403
61032,-8.193025,-3.766303,4.367499,-0.012981,0.00168,-0.007178,32.48,64.1567898125413
61042,-8.199606,-3.765106,4.359125,-0.013592,0.002902,-0.007483,32.52,64.2135417749841
61052,-8.194221,-3.764508,4.367499,-0.014661,0.003665,-0.006567,32.52,64.1576303510387
61062,-8.193025,-3.761517,4.356732,-0.013897,0.004123,-0.005956,32.51,64.2072559898042
61072,-8.194221,-3.762714,4.359125,-0.015119,0.004887,-0.00733,32.51,64.1988787407498
61082,-8.196015,-3.754937,4.35733,-0.015424,0.005956,-0.006567,32.49,64.2041122254466
61092,-8.192427,-3.766901,4.369893,-0.015577,0.006414,-0.007178,32.54,64.1437380397192
61102,-8.19781,-3.750151,4.354938,-0.015882,0.006567,-0.006567,32.54,64.2155405224953
61112,-8.197212,-3.754937,4.358526,-0.01573,0.007483,-0.006261,32.48,64.2006608593531
61122,-8.20798,-3.753741,4.356732,-0.016035,0.007178,-0.007483,32.48,64.2330179485616
61132,-8.200802,-3.757928,4.354938,-0.01573,0.007025,-0.007178,32.48,64.2303641445861
61142,-8.196015,-3.753741,4.359723,-0.014813,0.00672,-0.00733,32.48,64.1905442263497
61152,-8.2014,-3.756732,4.358526,-0.014813,0.007178,-0.006261,32.47,64.2119984462295
61162,-8.201998,-3.749553,4.356732,-0.014508,0.00672,-0.005803,32.47,64.2151580852945
61172,-8.193025,-3.74716,4.352544,-0.014355,0.00672,-0.006567,32.5,64.2139466517644
61182,-8.206185,-3.759723,4.351348,-0.01405,0.005956,-0.007025,32.5,64.2628735669245
61192,-8.199007,-3.752544,4.353741,-0.013286,0.005345,-0.007025,32.47,64.2268955219375
61202,-8.2014,-3.757928,4.351946,-0.013592,0.004734,-0.00733,32.47,64.2471291889649
61212,-8.210373,-3.751946,4.347161,-0.012981,0.004276,-0.006109,32.5,64.2858634127512
61222,-8.210373,-3.752544,4.353741,-0.011912,0.004581,-0.005803,32.5,64.2525884700155
61232,-8.200203,-3.746562,4.350152,-0.012065,0.003971,-0.005192,32.5,64.2419102135717
61242,-8.206185,-3.750151,4.348955,-0.011454,0.002749,-0.005956,32.5,64.2653111819677
61252,-8.197212,-3.753741,4.353741,-0.010385,0.001833,-0.005803,32.49,64.2240742139085
61262,-8.189436,-3.746562,4.35075,-0.009774,0.001833,-0.005803,32.52,64.2144472147098
61272,-8.196614,-3.752544,4.347161,-0.009163,0.001222,-0.004276,32.52,64.2554017678846
61282,-8.198408,-3.760919,4.355535,-0.00901,0.000305,-0.003971,32.45,64.2249770004737
61292,-8.206783,-3.756732,4.356732,-0.008094,-0.001222,-0.003971,32.45,64.2334055472595
61302,-8.209177,-3.756732,4.348955,-0.007789,-0.001222,-0.004581,32.44,64.2788611979836
61312,-8.194819,-3.743571,4.355535,-0.006414,-0.002596,-0.003818,32.44,64.1988744396553
61322,-8.203195,-3.756732,4.355535,-0.006872,-0.002902,-0.003818,32.47,64.2314602240229
61332,-8.194221,-3.754937,4.352544,-0.006872,-0.002596,-0.004276,32.47,64.2247154209501
61342,-8.20798,-3.752544,4.354938,-0.006567,-0.004581,-0.005192,32.54,64.2410182810477
61352,-8.204391,-3.757928,4.354938,-0.006261,-0.003818,-0.005345,32.54,64.2384756333289
61362,-8.19781,-3.753741,4.354339,-0.006261,-0.003971,-0.004734,32.5,64.2223456978955
61372,-8.204391,-3.753741,4.356732,-0.006567,-0.004123,-0.00504,32.5,64.2249044171354
61382,-8.200203,-3.759723,4.353143,-0.005345,-0.003665,-0.004429,32.48,64.2401166100249
61392,-8.189436,-3.75733,4.363312,-0.005498,-0.003971,-0.004123,32.48,64.160876964231
61402,-8.192427,-3.760321,4.35733,-0.006414,-0.004276,-0.004429,32.46,64.2015790789955
61412,-8.185248,-3.755535,4.362714,-0.006567,-0.003971,-0.004429,32.46,64.1525914758063
61422,-8.198408,-3.762714,4.352544,-0.006567,-0.004123,-0.004123,32.43,64.2422469152
61432,-8.196614,-3.75733,4.357928,-0.005498,-0.002596,-0.004123,32.52,64.2048696732162
61442,-8.194221,-3.764508,4.357928,-0.007636,-0.003512,-0.00504,32.52,64.206908279279
61452,-8.198408,-3.758526,4.356134,-0.007178,-0.001833,-0.004581,32.47,64.2194099768701
61462,-8.19781,-3.768696,4.358526,-0.007025,-0.001985,-0.003818,32.47,64.216294517848
61472,-8.19123,-3.763312,4.356732,-0.007941,-0.001833,-0.004276,32.49,64.2050596871946
61482,-8.191828,-3.766901,4.365705,-0.007789,-0.001069,-0.004581,32.49,64.1639356530898
61492,-8.209177,-3.766901,4.365107,-0.008247,-0.000611,-0.004429,32.5,64.2062504115753
61502,-8.193623,-3.751946,4.355535,-0.008705,-0.000305,-0.004429,32.5,64.2048434852692
61512,-8.20798,-3.756732,4.366303,-0.009927,0.000764,-0.004429,32.52,64.1868585014098
61522,-8.195418,-3.768696,4.362116,-0.010079,0.000458,-0.005803,32.52,64.1924040936707
61532,-8.198408,-3.756732,4.358526,-0.010232,0.001527,-0.005651,32.47,64.205229199772
61542,-8.201998,-3.766901,4.354339,-0.010385,0.002902,-0.006414,32.47,64.2454506787955
61552,-8.199606,-3.759723,4.360919,-0.010843,0.003054,-0.006414,32.49,64.198719611386
61562,-8.19781,-3.76391,4.360321,-0.010996,0.003971,-0.006261,32.49,64.2020814928488
61572,-8.199007,-3.772285,4.364508,-0.012065,0.004276,-0.005956,32.48,64.1919412500487
61582,-8.190632,-3.75733,4.356134,-0.012828,0.004276,-0.006414,32.48,64.2005710054381
61592,-8.2014,-3.760919,4.359125,-0.013286,0.005803,-0.00733,32.46,64.2132539547464
61602,-8.19123,-3.754937,4.357928,-0.014203,0.00504,-0.008858,32.46,64.190194528457
61612,-8.203793,-3.754339,4.356732,-0.014203,0.006109,-0.008399,32.47,64.2241709410794
61622,-8.180463,-3.76391,4.351946,-0.014508,0.006261,-0.009621,32.47,64.2059815246054
61632,-8.196614,-3.758526,4.353143,-0.014203,0.005956,-0.008858,32.47,64.230762853817
61642,-8.204989,-3.761517,4.353143,-0.014813,0.00672,-0.008858,32.5,64.2527849623071
61652,-8.18764,-3.761517,4.351946,-0.014966,0.006567,-0.00901,32.5,64.219738071522
61662,-8.18764,-3.74716,4.353741,-0.014813,0.006261,-0.009163,32.47,64.1955693086239
61672,-8.200802,-3.766901,4.351946,-0.014355,0.006261,-0.008399,32.47,64.2550753966804
61682,-8.204989,-3.762115,4.351348,-0.015272,0.005803,-0.009621,32.5,64.2626486198623
61692,-8.200802,-3.752544,4.352544,-0.014508,0.005498,-0.008552,32.5,64.2371235650295
61702,-8.201998,-3.748357,4.359723,-0.01405,0.005498,-0.008399,32.49,64.1985154867986
61712,-8.199007,-3.754937,4.348357,-0.013744,0.004887,-0.008705,32.49,64.2571216066176
61722,-8.192427,-3.75733,4.34417,-0.013439,0.004429,-0.008705,32.48,64.2663209032221
61732,-8.192427,-3.753142,4.350152,-0.012675,0.003207,-0.008552,32.48,64.2311266500545
61742,-8.194819,-3.752544,4.354938,-0.011912,0.003207,-0.007636,32.47,64.2112486820327
61752,-8.191828,-3.752544,4.345964,-0.012523,0.003818,-0.007483,32.47,64.2507516816824
61762,-8.197212,-3.745365,4.347161,-0.012065,0.003818,-0.00733,32.45,64.2493277478862
61772,-8.188239,-3.753741,4.348955,-0.011759,0.001527,-0.006567,32.45,64.2284418031564
61782,-8.190034,-3.754937,4.349553,-0.009468,0.000916,-0.005803,32.44,64.2306616751006
61792,-8.208578,-3.754339,4.35075,-0.009316,0.000916,-0.005498,32.46,64.2657920883034
61802,-8.193025,-3.754937,4.34417,-0.00901,0.000611,-0.00504,32.46,64.2651927446993
61812,-8.193623,-3.760919,4.346562,-0.008094,0.000458,-0.003818,32.47,64.2604076861019
61822,-8.200203,-3.759125,4.345366,-0.008247,-0.000458,-0.00336,32.47,64.2795762726925
61832,-8.192427,-3.755535,4.34417,-0.008247,-0.000916,-0.002749,32.5,64.2644605610309
61842,-8.193623,-3.741179,4.353741,-0.007483,-0.001069,-0.001985,32.5,64.2029356969294
61852,-8.194819,-3.759125,4.353143,-0.006567,-0.001374,-0.001985,32.46,64.2273247659735
61862,-8.193623,-3.754339,4.360321,-0.006567,-0.001222,-0.000611,32.46,64.1826657413176
61872,-8.182258,-3.751946,4.35075,-0.005956,-0.002443,-0.001222,32.5,64.2037672849158
61882,-8.203793,-3.754339,4.359125,-0.006109,-0.003207,-0.000611,32.5,64.2118488355929
61892,-8.189436,-3.75075,4.354938,-0.005956,-0.00336,-0.000611,32.51,64.1971941360848
61902,-8.204989,-3.746562,4.351946,-0.005345,-0.003512,-0.000611,32.51,64.2434899065022
61912,-8.203793,-3.753741,4.360919,-0.005345,-0.003818,-0.000458,32.49,64.2019936226399
61922,-8.197212,-3.758526,4.35733,-0.005192,-0.003665,-0.000458,32.49,64.2105438754019
61932,-8.204989,-3.760919,4.360919,-0.005803,-0.003971,-0.000764,32.49,64.2121330600312
61942,-8.20798,-3.760919,4.359723,-0.006414,-0.00336,-0.001985,32.49,64.225047018599
61952,-8.200203,-3.766901,4.356134,-0.006109,-0.00336,-0.001833,32.48,64.2321539278167
61962,-8.206783,-3.766901,4.354938,-0.005651,-0.00336,-0.003207,32.52,64.2531662380008
61972,-8.189436,-3.768696,4.360919,-0.00733,-0.002596,-0.003054,32.52,64.1850331594986
61982,-8.204391,-3.754937,4.363312,-0.007636,-0.003207,-0.003818,32.43,64.1922679660663
61992,-8.215756,-3.764508,4.362116,-0.008094,-0.002902,-0.004734,32.43,64.2340063224821
62002,-8.187043,-3.763312,4.357928,-0.007941,-0.002138,-0.004581,32.49,64.1894186140624
62012,-8.188837,-3.755535,4.360919,-0.009468,-0.001985,-0.004429,32.49,64.1699803871486
62022,-8.189436,-3.760321,4.356134,-0.009774,-0.000916,-0.006414,32.46,64.2009711556194
62032,-8.196015,-3.76391,4.362116,-0.009774,-0.000611,-0.00733,32.46,64.188778976126
62042,-8.202596,-3.759723,4.367499,-0.010537,0,-0.007636,32.52,64.1716222769827
62052,-8.19781,-3.759723,4.359125,-0.011301,0.000611,-0.007636,32.52,64.2038937202972
62062,-8.192427,-3.760919,4.366901,-0.011301,0.001985,-0.008858,32.46,64.1529092880949
62072,-8.193025,-3.763312,4.36391,-0.012065,0.001985,-0.009316,32.46,64.1721521112082
62082,-8.199606,-3.762115,4.360919,-0.01237,0.002596,-0.009163,32.48,64.2012015280802
62092,-8.200203,-3.76391,4.359723,-0.012523,0.003207,-0.009927,32.48,64.2105714273439
62102,-8.196015,-3.747759,4.363312,-0.013897,0.004429,-0.009621,32.47,64.1658543829876
62112,-8.2014,-3.762115,4.354938,-0.013897,0.004734,-0.010385,32.47,64.2360540370082
62122,-8.202596,-3.762714,4.361517,-0.014355,0.005651,-0.010996,32.48,64.2055063063116
62132,-8.182258,-3.75733,4.37408,-0.014203,0.005956,-0.010385,32.48,64.0891298139725
62142,-8.204989,-3.755535,4.359723,-0.014203,0.00672,-0.009621,32.48,64.2127133115861
62152,-8.2014,-3.75075,4.363312,-0.015119,0.007025,-0.01069,32.47,64.1811590550221
62162,-8.201998,-3.754937,4.359723,-0.014661,0.007025,-0.010537,32.47,64.20532817784
62172,-8.209177,-3.762714,4.35075,-0.014203,0.00733,-0.010232,32.46,64.2757967519749
62182,-8.195418,-3.760321,4.365107,-0.01405,0.00733,-0.010843,32.46,64.1682994887783
62192,-8.189436,-3.754339,4.361517,-0.013897,0.007178,-0.010843,32.53,64.1670139841413
62202,-8.196015,-3.754937,4.353741,-0.013134,0.007636,-0.009621,32.53,64.2226053449889
62212,-8.191828,-3.75733,4.354938,-0.01405,0.006567,-0.009468,32.48,64.2094429643962
62222,-8.198408,-3.747759,4.349553,-0.013286,0.006261,-0.008247,32.48,64.2421748126963
62232,-8.197212,-3.760321,4.353143,-0.012217,0.006261,-0.007789,32.48,64.2339762248188
62242,-8.193025,-3.757928,4.346562,-0.011912,0.005192,-0.007941,32.48,64.2559546790452
62252,-8.200203,-3.756134,4.353741,-0.011454,0.005192,-0.006567,32.48,64.2333180513285
62262,-8.203195,-3.752544,4.354339,-0.010996,0.004429,-0.006414,32.48,64.2332868216929
62272,-8.200203,-3.761517,4.341179,-0.010385,0.003512,-0.006261,32.52,64.3036397266277
62282,-8.203793,-3.755535,4.343571,-0.010385,0.002902,-0.006109,32.52,64.2932211347372
62292,-8.209774,-3.757928,4.357928,-0.010385,0.001833,-0.004429,32.47,64.2352431339842
62302,-8.19781,-3.751348,4.352544,-0.009316,0.001527,-0.003665,32.48,64.229117639903
62312,-8.203195,-3.768696,4.350152,-0.008552,0.000611,-0.003818,32.48,64.271576021416
62322,-8.201998,-3.760321,4.348357,-0.008247,-0.000305,-0.002902,32.49,64.2694498498222
62332,-8.200802,-3.766303,4.354339,-0.008247,-0.000611,-0.002902,32.49,64.2421301011471
62342,-8.205587,-3.753741,4.352544,-0.007178,-0.001069,-0.002138,32.52,64.2491777103809
62352,-8.209177,-3.755535,4.351946,-0.007483,-0.001527,-0.002749,32.52,64.2622197063623
62362,-8.196015,-3.755535,4.356732,-0.007178,-0.001985,-0.002443,32.49,64.2078133393241
62372,-8.206185,-3.75733,4.352544,-0.006261,-0.002138,-0.002443,32.49,64.2542389442192
62382,-8.202596,-3.756134,4.354339,-0.006109,-0.003207,-0.001833,32.45,64.2356472838424
62392,-8.200802,-3.753741,4.352544,-0.005956,-0.003207,-0.002749,32.45,64.2383622871132
62402,-8.196614,-3.753741,4.35075,-0.006261,-0.003512,-0.002596,32.51,64.2381372754574
62412,-8.193623,-3.759723,4.357928,-0.006109,-0.00336,-0.001985,32.51,64.2005841096622
62422,-8.194221,-3.758526,4.362116,-0.004887,-0.003665,-0.001985,32.46,64.1791233017571
62432,-8.194221,-3.756134,4.353741,-0.005498,-0.003818,-0.002291,32.46,64.2197871590711
62442,-8.196614,-3.75733,4.362714,-0.00504,-0.004429,-0.002596,32.47,64.1802216186635
62452,-8.193025,-3.759723,4.365705,-0.005956,-0.004123,-0.002902,32.47,64.1591776671275
62462,-8.196614,-3.765106,4.362116,-0.005803,-0.004123,-0.002902,32.5,64.191377184494
62472,-8.193025,-3.754937,4.356134,-0.005651,-0.002443,-0.002749,32.51,64.2035051712778
62482,-8.200802,-3.757928,4.372883,-0.005803,-0.002749,-0.003512,32.51,64.1380014452585
62492,-8.199606,-3.759723,4.363312,-0.006261,-0.002443,-0.003971,32.45,64.1864006592252
62502,-8.203793,-3.759125,4.357928,-0.00672,-0.001527,-0.004429,32.45,64.2229674386868
62512,-8.19123,-3.766303,4.36391,-0.006872,-0.000305,-0.004734,32.51,64.1712000287364
62522,-8.196614,-3.764508,4.366303,-0.00733,0.000611,-0.004887,32.51,64.1692043039277
62532,-8.203195,-3.774678,4.370491,-0.008094,0.000458,-0.003818,32.49,64.1731259329324
62542,-8.184052,-3.760919,4.355535,-0.008094,0.001527,-0.005192,32.49,64.1924875424021
62552,-8.196614,-3.760919,4.363312,-0.008705,0.002596,-0.004276,32.46,64.1808697776235
62562,-8.2014,-3.765106,4.349553,-0.009468,0.002902,-0.004734,32.46,64.2668924172615
62572,-8.196015,-3.756732,4.36391,-0.008705,0.003207,-0.004734,32.5,64.1720859589773
62582,-8.203195,-3.75075,4.359125,-0.009927,0.003818,-0.005192,32.5,64.2067811619949
62592,-8.199007,-3.760321,4.371089,-0.010537,0.004734,-0.004276,32.49,64.1456471860207
62602,-8.186445,-3.754937,4.364508,-0.010843,0.00504,-0.005192,32.49,64.1454417456832
62612,-8.194819,-3.762115,4.357928,-0.011606,0.005498,-0.00504,32.46,64.2057749728741
62622,-8.19781,-3.754339,4.368696,-0.012065,0.005192,-0.005956,32.46,64.1490331438973
62632,-8.199606,-3.754339,4.360919,-0.013134,0.005498,-0.00504,32.46,64.19313637114
62642,-8.201998,-3.762115,4.351348,-0.013592,0.005345,-0.005345,32.5,64.2558964249129
62652,-8.199606,-3.767499,4.361517,-0.013592,0.006261,-0.006261,32.5,64.2037130528185
62662,-8.187043,-3.756134,4.364508,-0.014813,0.005803,-0.007483,32.46,64.1480444640044
62672,-8.200203,-3.751348,4.360321,-0.014813,0.006261,-0.00733,32.46,64.1944680710155
62682,-8.191828,-3.762714,4.356134,-0.014661,0.006414,-0.006567,32.47,64.2088724521136
62692,-8.213365,-3.751946,4.352544,-0.014661,0.005803,-0.007025,32.47,64.264891093251
62702,-8.196015,-3.756732,4.354938,-0.014966,0.005498,-0.007636,32.46,64.2182981775274
62712,-8.209177,-3.758526,4.358526,-0.014661,0.005498,-0.007025,32.46,64.2314352564993
62722,-8.20798,-3.753142,4.352544,-0.015577,0.005345,-0.007636,32.48,64.2539650576114
62732,-8.198408,-3.749553,4.352544,-0.015424,0.004887,-0.007025,32.48,64.2286126426301
62742,-8.200203,-3.754339,4.359723,-0.014966,0.003971,-0.007789,32.47,64.2006464879265
62752,-8.197212,-3.754937,4.348357,-0.014813,0.003818,-0.007636,32.47,64.2530644896844
62762,-8.200203,-3.760919,4.347161,-0.014966,0.003207,-0.007941,32.51,64.2721804838117
62772,-8.204391,-3.759723,4.35075,-0.014966,0.003054,-0.008094,32.51,64.2619039511352
62782,-8.201998,-3.753741,4.352544,-0.014661,0.002596,-0.009163,32.48,64.2410662687965
62792,-8.195418,-3.75733,4.354339,-0.01405,0.001985,-0.00901,32.48,64.2206542937592
62802,-8.204989,-3.745964,4.345964,-0.014355,0.001222,-0.009163,32.5,64.2737041966191
62812,-8.209774,-3.751946,4.348955,-0.014661,0.000305,-0.007636,32.5,64.2752687878917
62822,-8.197212,-3.754937,4.361517,-0.013286,-0.000458,-0.008094,32.48,64.1852562308208
62832,-8.199606,-3.752544,4.351946,-0.013592,-0.001222,-0.008094,32.47,64.2375004573698
62842,-8.204989,-3.751946,4.355535,-0.013439,-0.002443,-0.008858,32.47,64.2305645915602
62852,-8.199007,-3.751946,4.356134,-0.012675,-0.002596,-0.007789,32.5,64.2139465090038
62862,-8.190034,-3.759125,4.357928,-0.012523,-0.003512,-0.007178,32.5,64.1918368362134
62872,-8.197212,-3.750151,4.353143,-0.012828,-0.003818,-0.007636,32.46,64.223437646269
62882,-8.199606,-3.756134,4.352544,-0.011759,-0.004276,-0.005803,32.46,64.2381356836076
62892,-8.190632,-3.759723,4.356134,-0.011454,-0.004276,-0.005651,32.43,64.2030572964102
62902,-8.196614,-3.762115,4.345964,-0.01069,-0.004429,-0.005498,32.43,64.2714868393215
62912,-8.186445,-3.760919,4.351946,-0.010537,-0.004734,-0.005192,32.5,64.2164117343068
62922,-8.196015,-3.76391,4.358526,-0.010232,-0.005803,-0.004123,32.5,64.207264791775
62932,-8.194221,-3.756134,4.351348,-0.009774,-0.005956,-0.003054,32.48,64.2321217910007
62942,-8.190632,-3.754937,4.352544,-0.010079,-0.006567,-0.003207,32.48,64.2165920158282
62952,-8.204391,-3.755535,4.360321,-0.009621,-0.006414,-0.003665,32.47,64.2082824031276
62962,-8.185248,-3.755535,4.35733,-0.009621,-0.00672,-0.002291,32.47,64.1803411369319
62972,-8.18764,-3.753142,4.354938,-0.00901,-0.006109,-0.002443,32.49,64.1956077543065
62982,-8.194221,-3.758526,4.359723,-0.008858,-0.005956,-0.000305,32.49,64.191448110699
62992,-8.194221,-3.771089,4.36391,-0.008247,-0.005803,-0.001374,32.47,64.1829519340362
63002,-8.193025,-3.761517,4.359125,-0.008247,-0.00504,0,32.52,64.1949281115377
63012,-8.198408,-3.756134,4.362116,-0.008094,-0.004123,0.000153,32.52,64.1861219651568
63022,-8.188837,-3.761517,4.362714,-0.008552,-0.003818,0.000458,32.52,64.1669562899298
63032,-8.191828,-3.759125,4.35733,-0.008705,-0.002291,0,32.52,64.1989805332667
63042,-8.185248,-3.765106,4.372883,-0.008094,-0.001833,0,32.49,64.110199556428
63052,-8.185846,-3.759723,4.372883,-0.009621,-0.001222,0.000305,32.49,64.1059402248343
63062,-8.199606,-3.754937,4.360919,-0.01069,0,0.000764,32.48,64.1937562852973
63072,-8.196015,-3.759125,4.367499,-0.010232,0,0.000458,32.48,64.156096695177
63082,-8.193623,-3.759125,4.360919,-0.010385,0.000611,0.000153,32.45,64.1845560087103
63092,-8.195418,-3.768098,4.370491,-0.010385,0.000916,-0.000916,32.45,64.1486831621658
63102,-8.194221,-3.754937,4.363312,-0.012217,0.001833,-0.001069,32.5,64.1692362126658
63112,-8.193623,-3.759125,4.372883,-0.012065,0.003512,-0.00168,32.5,64.1229679308126
63122,-8.204989,-3.765106,4.365705,-0.012675,0.003971,-0.002443,32.54,64.1918493503058
63132,-8.204989,-3.768098,4.360321,-0.012217,0.004276,-0.001527,32.54,64.2226522794831
63142,-8.195418,-3.76391,4.359723,-0.013592,0.005498,-0.002138,32.48,64.1997499542734
63152,-8.190034,-3.767499,4.361517,-0.013592,0.005498,-0.001833,32.48,64.1820602796951
63162,-8.210971,-3.759125,4.36391,-0.013744,0.005803,-0.00336,32.47,64.2084073167042
63172,-8.194819,-3.758526,4.366901,-0.014661,0.005345,-0.004276,32.56,64.155841827349
63182,-8.191828,-3.756134,4.36391,-0.015119,0.006109,-0.003818,32.56,64.1619761371953
63192,-8.203793,-3.764508,4.353741,-0.016188,0.006414,-0.00504,32.5,64.2501024076609
63202,-8.19781,-3.746562,4.356732,-0.015119,0.006414,-0.005651,32.5,64.2025798828785
63212,-8.196015,-3.753741,4.360321,-0.015577,0.006109,-0.005651,32.51,64.1874639943384
63222,-8.194819,-3.753741,4.353143,-0.016799,0.005345,-0.005803,32.51,64.2217411386627
63232,-8.199606,-3.748955,4.355535,-0.015882,0.005192,-0.005803,32.46,64.2152917831098
63242,-8.2014,-3.765705,4.354938,-0.016799,0.005498,-0.005956,32.46,64.2397756568482
63252,-8.201998,-3.738187,4.357928,-0.016035,0.004429,-0.005498,32.5,64.1972461750064
63262,-8.187043,-3.753741,4.346562,-0.01573,0.004581,-0.005498,32.5,64.2380800787986
63272,-8.200802,-3.757928,4.347759,-0.016341,0.004429,-0.006261,32.48,64.2673547020311
63282,-8.209177,-3.74716,4.35733,-0.016188,0.003665,-0.006414,32.48,64.2258472457952
63292,-8.196015,-3.741179,4.352544,-0.016799,0.002902,-0.006567,32.46,64.2145294175668
63302,-8.210971,-3.752544,4.353143,-0.015424,0.002443,-0.006414,32.46,64.2570183134317
63312,-8.196614,-3.748357,4.359125,-0.015424,0.002138,-0.006261,32.52,64.1893997504081
63322,-8.196015,-3.759723,4.354938,-0.015272,0.001833,-0.005956,32.52,64.221400699004
63332,-8.192427,-3.753142,4.353143,-0.014813,0.000153,-0.005498,32.5,64.2157053858793
63342,-8.209177,-3.754937,4.352544,-0.015424,0,-0.005192,32.49,64.258522430819
63352,-8.197212,-3.756732,4.354339,-0.014508,-0.001069,-0.004276,32.49,64.2240925407822
63362,-8.202596,-3.762115,4.351348,-0.013897,-0.001527,-0.004581,32.49,64.257246642196
63372,-8.19123,-3.756732,4.350152,-0.013439,-0.002443,-0.00504,32.49,64.2321416896219
63382,-8.193025,-3.751348,4.349553,-0.013439,-0.002749,-0.004276,32.52,64.2337093760734
63392,-8.189436,-3.748955,4.350152,-0.012981,-0.002902,-0.004276,32.52,64.2200129908391
63402,-8.195418,-3.75733,4.348357,-0.013744,-0.004123,-0.00336,32.48,64.2514881254137
63412,-8.201998,-3.753142,4.350152,-0.014203,-0.004734,-0.003512,32.48,64.2527723630718
63422,-8.203195,-3.759723,4.356732,-0.012217,-0.005192,-0.00336,32.44,64.2283932624026
63432,-8.2014,-3.749553,4.350152,-0.012523,-0.005651,-0.002596,32.44,64.2477095249796
63442,-8.188239,-3.748955,4.345366,-0.011606,-0.005956,-0.002138,32.47,64.2419951441913
63452,-8.193623,-3.753142,4.35075,-0.011148,-0.006109,-0.00168,32.47,64.2307498191756
63462,-8.193623,-3.762115,4.358526,-0.012065,-0.006109,-0.002138,32.47,64.1999884595844
63472,-8.207382,-3.759125,4.356134,-0.011148,-0.006261,-0.001374,32.47,64.2403128552663
63482,-8.192427,-3.74716,4.350152,-0.011454,-0.00733,-0.002138,32.47,64.2249272372685
63492,-8.200802,-3.74716,4.363312,-0.011454,-0.006261,-0.001069,32.47,64.1760858687197
63502,-8.207382,-3.750151,4.354938,-0.011606,-0.006109,-0.001833,32.46,64.2371945357423
63512,-8.209177,-3.747759,4.363312,-0.011606,-0.00672,-0.001069,32.46,64.1956739568884
63522,-8.200203,-3.756134,4.362714,-0.011454,-0.006414,-0.000916,32.46,64.1871072050974
63532,-8.208578,-3.765705,4.366901,-0.012675,-0.006261,-0.000611,32.5,64.1944321297274
63542,-8.194221,-3.766303,4.360919,-0.01237,-0.005956,-0.00168,32.5,64.1933705349512
63552,-8.200802,-3.761517,4.362714,-0.013439,-0.005956,-0.001833,32.49,64.1940465225336
63562,-8.200802,-3.758526,4.369893,-0.013592,-0.006261,-0.002291,32.49,64.1540017693251
63572,-8.19781,-3.765705,4.366303,-0.013897,-0.005192,-0.003207,32.48,64.1731559644029
63582,-8.186445,-3.754937,4.365705,-0.014203,-0.003971,-0.002902,32.48,64.1392753793265
63592,-8.199007,-3.754937,4.360919,-0.015272,-0.003512,-0.002291,32.48,64.1924002065779
63602,-8.194221,-3.763312,4.362116,-0.015119,-0.002749,-0.002291,32.48,64.1840971259594
63612,-8.200802,-3.75733,4.365107,-0.016188,-0.002443,-0.003512,32.48,64.1773863795606
63622,-8.201998,-3.751348,4.366303,-0.016493,-0.001985,-0.003512,32.48,64.1677377746413
63632,-8.188837,-3.758526,4.359723,-0.016799,-0.000916,-0.00336,32.52,64.1792531379006
63642,-8.182856,-3.772285,4.363312,-0.016952,-0.000153,-0.003665,32.52,64.1615518443228
63652,-8.199007,-3.762714,4.368098,-0.017868,0.000916,-0.004276,32.48,64.1635209926497
63662,-8.207382,-3.762714,4.363312,-0.018631,0.001985,-0.004276,32.48,64.2070883633751
63672,-8.200802,-3.756134,4.356732,-0.018631,0.002138,-0.004429,32.49,64.2192652767362
63682,-8.192427,-3.767499,4.362116,-0.019853,0.003971,-0.00504,32.48,64.1843918571088
63692,-8.192427,-3.756134,4.35733,-0.018937,0.003971,-0.004887,32.48,64.1972303595868
63702,-8.194221,-3.762714,4.358526,-0.0197,0.004123,-0.004581,32.48,64.2019639962446
63712,-8.190034,-3.758526,4.357928,-0.019853,0.00504,-0.00504,32.48,64.1912141996952
63722,-8.195418,-3.761517,4.366303,-0.020464,0.00504,-0.005345,32.47,64.1633862844841
63732,-8.20798,-3.753741,4.360321,-0.020769,0.004887,-0.005192,32.47,64.2145428545658
63742,-8.19781,-3.761517,4.362714,-0.020769,0.005651,-0.004887,32.48,64.187276584766
63752,-8.205587,-3.766303,4.363312,-0.021686,0.00504,-0.005345,32.48,64.2067524727422
63762,-8.200203,-3.768696,4.355535,-0.020922,0.005345,-0.004734,32.5,64.2371010591541
63772,-8.203195,-3.759125,4.354938,-0.020617,0.004887,-0.00504,32.5,64.2370123485402
63782,-8.19781,-3.756732,4.353741,-0.020922,0.004887,-0.004887,32.46,64.2285263601067
63792,-8.202596,-3.759723,4.352544,-0.020464,0.004429,-0.004429,32.46,64.248608885401
63802,-8.194819,-3.771089,4.353741,-0.020159,0.003971,-0.004887,32.52,64.2366672483051
63812,-8.206185,-3.758526,4.351348,-0.020464,0.003207,-0.003665,32.52,64.2616357425204
63822,-8.199007,-3.755535,4.352544,-0.020464,0.001833,-0.00336,32.5,64.2361610051412
63832,-8.193623,-3.75733,4.345366,-0.021075,0.001374,-0.004276,32.5,64.2628547710072
63842,-8.2014,-3.753142,4.347161,-0.020006,0.000458,-0.003054,32.48,64.2668373800217
63852,-8.209177,-3.757928,4.354339,-0.019853,-0.001069,-0.003054,32.48,64.2523699252494
63862,-8.199007,-3.744768,4.354938,-0.018784,-0.001833,-0.003054,32.52,64.2126794577735
63872,-8.200203,-3.759723,4.339384,-0.017868,-0.003054,-0.002443,32.52,64.3110415872233
63882,-8.204989,-3.760321,4.348955,-0.017562,-0.003665,-0.00168,32.52,64.2731196638782
63892,-8.204391,-3.754339,4.35733,-0.016799,-0.004734,-0.001374,32.5,64.2224437611161
63902,-8.198408,-3.756134,4.360321,-0.016035,-0.005803,-0.000764,32.5,64.195364831062
63912,-8.206185,-3.748955,4.345964,-0.015577,-0.006261,-0.000153,32.48,64.2794919420228
63922,-8.193623,-3.753741,4.346562,-0.015272,-0.005956,0,32.48,64.2529672266994
63932,-8.194819,-3.758526,4.352544,-0.014813,-0.007178,0.000458,32.45,64.2297904564046
63942,-8.195418,-3.755535,4.35075,-0.014661,-0.007483,0.000458,32.45,64.2372910162367
63952,-8.194819,-3.754937,4.345964,-0.014508,-0.008094,0.000916,32.49,64.2599945025018
63962,-8.196015,-3.76391,4.355535,-0.014203,-0.007941,0.000611,32.49,64.2226706088077
63972,-8.203195,-3.75075,4.355535,-0.014203,-0.008094,0.00168,32.48,64.2252704502616
63982,-8.184052,-3.751946,4.361517,-0.014203,-0.008399,0.001985,32.48,64.1523108078683
63992,-8.195418,-3.751946,4.357928,-0.014203,-0.008705,0.00168,32.44,64.1965776132618
64002,-8.193623,-3.756134,4.362116,-0.014508,-0.007636,0.001527,32.44,64.1752838337888
64012,-8.194221,-3.750151,4.359723,-0.014355,-0.008552,0.002291,32.49,64.1827556981715
64022,-8.187043,-3.758526,4.363312,-0.014355,-0.007636,0.00336,32.49,64.1566956017658
64032,-8.181659,-3.758526,4.362116,-0.013744,-0.006414,0.003512,32.47,64.1506456530068
64042,-8.184649,-3.745964,4.35733,-0.013439,-0.005803,0.003818,32.48,64.1690327411886
64052,-8.198408,-3.75733,4.365107,-0.014203,-0.005651,0.004429,32.48,64.1719651627866
64062,-8.194819,-3.756732,4.366303,-0.014813,-0.00504,0.004123,32.48,64.1570557731501
64072,-8.197212,-3.759723,4.360919,-0.014661,-0.004429,0.004276,32.48,64.1933022724504
64082,-8.194819,-3.759125,4.357928,-0.014966,-0.004276,0.004123,32.48,64.2026701093967
64092,-8.196614,-3.756732,4.354938,-0.014813,-0.003818,0.004276,32.48,64.2196533828131
64102,-8.188239,-3.763312,4.366303,-0.015577,-0.00336,0.004734,32.47,64.1489868513107
64112,-8.19781,-3.758526,4.362714,-0.015882,-0.003818,0.004429,32.47,64.1841712888865
64122,-8.200802,-3.75075,4.369295,-0.016188,-0.003665,0.00336,32.46,64.1490100864518
64132,-8.196015,-3.756732,4.372285,-0.017104,-0.003207,0.002902,32.46,64.1289812518027
64142,-8.202596,-3.754937,4.365705,-0.017104,-0.002291,0.002596,32.47,64.1758895177482
64152,-8.194221,-3.752544,4.35733,-0.017715,-0.002443,0.003054,32.47,64.1975678041612
64162,-8.19123,-3.752544,4.364508,-0.018479,-0.001833,0.002596,32.47,64.1538090753786
64172,-8.197212,-3.760919,4.36391,-0.019853,-0.001374,0.001222,32.47,64.1791451272662
64182,-8.196015,-3.752544,4.368696,-0.019853,-0.000764,0.001374,32.47,64.1430989808169
64192,-8.210971,-3.760321,4.366303,-0.020769,-0.000611,0,32.47,64.1973380806072
64202,-8.20798,-3.756732,4.355535,-0.021686,0,-0.001222,32.45,64.2422726734401
64212,-8.200802,-3.759723,4.361517,-0.022602,0.000153,-0.00168,32.51,64.1983468666623
64222,-8.193623,-3.754339,4.364508,-0.023213,0,-0.002749,32.51,64.1611005956023
64232,-8.193623,-3.754339,4.359125,-0.023213,0.000764,-0.003207,32.5,64.1888271826397
64242,-8.193025,-3.752544,4.360321,-0.024282,0.001069,-0.003818,32.5,64.1794472550356
64252,-8.203793,-3.757928,4.362116,-0.024587,0.000764,-0.003971,32.44,64.2001689406304
64263,-8.208578,-3.752544,4.360919,-0.024435,0.000153,-0.004276,32.44,64.2115797145906
64272,-8.193623,-3.753142,4.357928,-0.024129,0.000305,-0.004429,32.53,64.1937522800598
64282,-8.203793,-3.758526,4.356732,-0.02474,0.000764,-0.00504,32.53,64.228505120074
64292,-8.21157,-3.759723,4.355535,-0.025198,0,-0.004734,32.47,64.2534700638414
64302,-8.209177,-3.755535,4.356134,-0.025809,0.000458,-0.006414,32.47,64.2406554771547
64312,-8.193025,-3.754339,4.351348,-0.025656,0.000305,-0.005345,32.46,64.2275544225975
64322,-8.204391,-3.759723,4.356134,-0.024587,-0.000458,-0.005192,32.46,64.2341750313442
64332,-8.206185,-3.758526,4.351348,-0.024893,-0.001069,-0.005956,32.49,64.2616357425204
64342,-8.201998,-3.756134,4.35733,-0.025045,-0.000764,-0.00672,32.49,64.2188904261952
64352,-8.199606,-3.748357,4.347759,-0.025504,-0.001222,-0.007025,32.46,64.2547525299169
64362,-8.202596,-3.745964,4.359723,-0.025198,-0.002138,-0.007178,32.46,64.1973939592897
64372,-8.205587,-3.749553,4.360919,-0.02474,-0.002902,-0.006261,32.53,64.2017198142027
64382,-8.204989,-3.746562,4.347161,-0.024282,-0.003054,-0.006109,32.48,64.2681505319431
64392,-8.193623,-3.746562,4.353143,-0.023518,-0.003665,-0.004887,32.48,64.2115934167009
64402,-8.183454,-3.753741,4.355535,-0.023213,-0.004276,-0.00504,32.52,64.1836626824564
64412,-8.192427,-3.756732,4.347161,-0.02306,-0.004276,-0.004887,32.52,64.2502733949712
64422,-8.194221,-3.760321,4.354339,-0.022449,-0.005192,-0.004581,32.49,64.2210499936231
64432,-8.198408,-3.753741,4.362116,-0.022297,-0.006109,-0.004276,32.49,64.183639955641
64442,-8.193025,-3.758526,4.354938,-0.022144,-0.00672,-0.004276,32.5,64.2133939357527
64452,-8.200802,-3.759723,4.348955,-0.021686,-0.006567,-0.003665,32.5,64.2630487305111
64462,-8.2014,-3.754339,4.35075,-0.021533,-0.006109,-0.002443,32.47,64.2495773041312
64472,-8.196614,-3.751946,4.354938,-0.02138,-0.007025,-0.002596,32.47,64.2146925191191
64482,-8.193025,-3.754339,4.352544,-0.020617,-0.00733,-0.001527,32.49,64.2213885826669
64492,-8.197212,-3.759125,4.356732,-0.019242,-0.007789,-0.000305,32.49,64.2142456047508
64502,-8.190632,-3.755535,4.351946,-0.01909,-0.007636,-0.000153,32.49,64.2202959111641
64512,-8.194221,-3.760919,4.349553,-0.018021,-0.007483,0.000305,32.49,64.2463378974912
64522,-8.188837,-3.757928,4.355535,-0.017715,-0.007636,0.000764,32.46,64.2002147617161
64532,-8.184052,-3.765106,4.355535,-0.01741,-0.00733,0.002138,32.46,64.1968477987935
64542,-8.193623,-3.760919,4.356134,-0.016493,-0.007636,0.003665,32.47,64.2110689726281
64552,-8.198408,-3.771089,4.346562,-0.016952,-0.00733,0.004276,32.48,64.281757240724
64562,-8.190034,-3.766901,4.356732,-0.016188,-0.00672,0.00504,32.48,64.2060864520792
64572,-8.192427,-3.763312,4.370491,-0.016188,-0.006109,0.005498,32.49,64.1369226860701
64582,-8.194819,-3.762714,4.358526,-0.015272,-0.006261,0.005956,32.49,64.2033169956945
64592,-8.188239,-3.755535,4.359125,-0.015577,-0.006261,0.005345,32.51,64.1778693148162
64602,-8.197212,-3.762714,4.368696,-0.015882,-0.005345,0.006872,32.51,64.1563793049188
64612,-8.19781,-3.761517,4.364508,-0.015577,-0.005345,0.007025,32.49,64.1780418697338
64622,-8.190632,-3.765106,4.356134,-0.016035,-0.004123,0.006109,32.49,64.2086532965814
64632,-8.197212,-3.76391,4.365107,-0.016341,-0.003665,0.006414,32.48,64.1760915670915
64642,-8.194819,-3.768098,4.369295,-0.016493,-0.003512,0.006414,32.48,64.15347969654
64652,-8.190034,-3.769892,4.365107,-0.017715,-0.00336,0.006414,32.46,64.1660677812411
64662,-8.194221,-3.759125,4.364508,-0.017868,-0.002902,0.006109,32.46,64.1674287372619
64672,-8.19781,-3.762714,4.354938,-0.017868,-0.001985,0.005956,32.48,64.2285623661193
64682,-8.199606,-3.771089,4.366303,-0.018021,-0.001374,0.005956,32.48,64.1828168037649
64692,-8.192427,-3.75075,4.356134,-0.018173,-0.000916,0.005651,32.47,64.1978064285648
64702,-8.207382,-3.762115,4.363312,-0.018784,-0.000153,0.005803,32.47,64.206467775484
64712,-8.200203,-3.748357,4.360321,-0.018631,-0.000916,0.003665,32.53,64.1913703754866
64722,-8.199007,-3.748955,4.359125,-0.019853,0.001069,0.004123,32.48,64.1954406708312
64732,-8.208578,-3.757928,4.36391,-0.020159,0.000305,0.003054,32.48,64.2017591333201
64742,-8.208578,-3.751946,4.360919,-0.020159,0.000611,0.00168,32.46,64.2109614835041
64752,-8.20798,-3.755535,4.354339,-0.020464,0.000611,0.000611,32.46,64.2471934815822
64762,-8.2014,-3.757928,4.36391,-0.02138,0.000764,0,32.46,64.1855209170382
64772,-8.199007,-3.754937,4.363312,-0.021533,0.000916,0.000458,32.46,64.1800791016958
64782,-8.207382,-3.76391,4.360919,-0.02138,0.001374,-0.000611,32.52,64.220639108649
64792,-8.208578,-3.756134,4.353741,-0.022144,0.000305,-0.002138,32.52,64.2522424050718
64802,-8.203195,-3.756732,4.360919,-0.021838,0.000458,-0.002291,32.5,64.203738356612
64812,-8.210373,-3.753142,4.356732,-0.022907,0.000153,-0.00336,32.5,64.2378067104127
64822,-8.204989,-3.75075,4.357928,-0.022297,-0.000916,-0.003512,32.5,64.2170043379551
64832,-8.200802,-3.742973,4.362714,-0.023518,-0.000916,-0.004123,32.5,64.1748308378225
64842,-8.204989,-3.752544,4.359125,-0.023366,-0.000764,-0.004887,32.51,64.2126966749178
64852,-8.194819,-3.760919,4.352544,-0.022755,-0.000611,-0.003665,32.51,64.2322731543636
64862,-8.209177,-3.759125,4.348955,-0.023366,-0.000611,-0.004734,32.5,64.2813325811008
64872,-8.208578,-3.757928,4.348357,-0.023976,-0.002138,-0.004887,32.5,64.2818253088861
64882,-8.199007,-3.750151,4.362116,-0.023518,-0.002443,-0.004734,32.52,64.1812752533621
64892,-8.207382,-3.753142,4.342375,-0.022755,-0.003207,-0.005651,32.52,64.3050142580878
64902,-8.190632,-3.753741,4.352544,-0.022907,-0.004276,-0.00504,32.46,64.2153507798332
64912,-8.19781,-3.754339,4.354339,-0.022144,-0.004887,-0.004887,32.46,64.2229652709005
64922,-8.204391,-3.757928,4.349553,-0.022449,-0.005192,-0.004429,32.46,64.2662140117585
64932,-8.195418,-3.762714,4.351946,-0.021838,-0.005345,-0.003818,32.5,64.2385716261897
64942,-8.204391,-3.748357,4.355535,-0.020464,-0.005803,-0.00336,32.5,64.2255018195257
64952,-8.189436,-3.751348,4.356134,-0.02138,-0.006261,-0.003665,32.46,64.1916490334467
64962,-8.197212,-3.742374,4.348357,-0.020769,-0.006414,-0.002902,32.46,64.2400675415368
64972,-8.196614,-3.750151,4.353741,-0.019395,-0.006872,-0.002596,32.48,64.2190018912364
64982,-8.192427,-3.750151,4.353741,-0.0197,-0.00733,-0.003207,32.48,64.2095206740689
64992,-8.194221,-3.74716,4.351946,-0.019395,-0.007483,-0.002749,32.52,64.219739032182
65002,-8.19781,-3.74716,4.354938,-0.019242,-0.00733,-0.001527,32.52,64.2124437846836
65012,-8.197212,-3.748955,4.352544,-0.018173,-0.007025,-0.001222,32.52,64.2252868257086
65022,-8.190632,-3.745365,4.36391,-0.018479,-0.00672,-0.001374,32.52,64.1480760562638
65032,-8.186445,-3.755535,4.349553,-0.017715,-0.006567,-0.000305,32.48,64.2231580192376
65042,-8.196015,-3.753741,4.356732,-0.017715,-0.00733,-0.001069,32.48,64.2059529413351
65052,-8.191828,-3.754937,4.357928,-0.017715,-0.006567,-0.000916,32.41,64.1915492651328
65062,-8.19123,-3.756134,4.356732,-0.017257,-0.006109,-0.000153,32.41,64.1976011059543
65072,-8.196614,-3.753741,4.355535,-0.017104,-0.005803,-0.000305,32.49,64.2134764527507
65082,-8.186445,-3.762714,4.365107,-0.016646,-0.004429,0.000611,32.49,64.1504557228017
65092,-8.197212,-3.750151,4.362116,-0.016646,-0.004123,0.001222,32.49,64.1772078060299
65102,-8.196015,-3.760919,4.35733,-0.016952,-0.003818,0,32.5,64.2103191165406
65112,-8.193623,-3.765705,4.364508,-0.016799,-0.003054,0.000611,32.5,64.1729169962468
65122,-8.200802,-3.760321,4.361517,-0.017104,-0.002596,0.000916,32.5,64.198967122145
65132,-8.203195,-3.759125,4.366303,-0.016799,-0.001833,0.001374,32.5,64.1785108762628
65142,-8.191828,-3.766901,4.371089,-0.016952,-0.002291,0.001222,32.47,64.1362266723339
65152,-8.185248,-3.766901,4.36391,-0.01741,-0.000916,0.000764,32.47,64.1582725604758
65162,-8.196015,-3.758526,4.363312,-0.018173,-0.000764,0,32.49,64.1770279161065
65172,-8.198408,-3.753142,4.360321,-0.018021,-0.000305,0.000611,32.49,64.1922624692052
65182,-8.204391,-3.765705,4.359723,-0.018326,0.000611,0.000305,32.48,64.2218975767653
65192,-8.193623,-3.754339,4.356134,-0.018631,0.000611,0.001069,32.48,64.204238743534
65202,-8.199007,-3.766303,4.368098,-0.019395,0.000153,0.000153,32.46,64.1672512342582
65212,-8.199606,-3.766303,4.368696,-0.01909,0.000764,0.000764,32.46,64.1655306406085
65222,-8.200802,-3.760321,4.359125,-0.019395,0.001222,0.001222,32.46,64.2112817130898
65232,-8.205587,-3.755535,4.356134,-0.020464,0.000611,0.000916,32.46,64.2325435192688
65242,-8.205587,-3.760919,4.360919,-0.020769,0.000916,0.000916,32.48,64.2134847448836
65252,-8.195418,-3.766901,4.359125,-0.020617,0.000764,-0.000611,32.47,64.2059376503481
65262,-8.193623,-3.751348,4.361517,-0.02138,0.000458,-0.000305,32.47,64.17339997251
65272,-8.204989,-3.754339,4.353741,-0.022297,-0.000153,-0.000764,32.49,64.2422789821429
65282,-8.204989,-3.751946,4.350152,-0.021838,0,-0.000611,32.49,64.258294951473
65292,-8.202596,-3.754339,4.356134,-0.022144,0.000153,-0.000611,32.47,64.2245438367123
65302,-8.204989,-3.754339,4.359723,-0.022144,-0.001069,-0.000764,32.47,64.2114754024667
65312,-8.209774,-3.762714,4.365705,-0.02306,-0.000764,-0.001985,32.49,64.2001857390812
65322,-8.203793,-3.754339,4.358526,-0.023366,-0.001222,-0.001833,32.49,64.2149329836765
65332,-8.203195,-3.759125,4.35075,-0.022755,-0.001833,-0.001374,32.52,64.2585846823492
65342,-8.204989,-3.749553,4.360321,-0.023366,-0.002291,-0.001374,32.52,64.2034449816828
65352,-8.213962,-3.758526,4.354339,-0.024282,-0.00336,-0.002596,32.47,64.2637870756086
65362,-8.199606,-3.756134,4.354339,-0.024282,-0.00336,-0.002138,32.47,64.2288872654049
65372,-8.206185,-3.758526,4.354938,-0.024282,-0.003207,-0.001222,32.44,64.2431473272199
65382,-8.199606,-3.759723,4.35075,-0.023671,-0.003971,-0.001374,32.44,64.2510972893797
65392,-8.206185,-3.762115,4.35075,-0.024587,-0.004429,-0.001985,32.47,64.2684277180395
65402,-8.205587,-3.765106,4.347759,-0.023824,-0.005192,-0.00168,32.47,64.2855799822323
65412,-8.198408,-3.760919,4.341777,-0.02306,-0.005651,-0.002291,32.49,64.2958876596109
65422,-8.195418,-3.754937,4.349553,-0.022755,-0.006109,-0.001985,32.52,64.2428421862399
65432,-8.201998,-3.754339,4.362714,-0.022602,-0.006109,-0.001374,32.52,64.1893100856707
65442,-8.204391,-3.742374,4.349553,-0.022907,-0.006261,-0.000764,32.5,64.2501470272775
65452,-8.214561,-3.756134,4.354938,-0.02306,-0.007178,-0.001222,32.5,64.2595868592481
65462,-8.199007,-3.751946,4.351946,-0.022297,-0.007178,-0.001374,32.48,64.2355267177369
65472,-8.200203,-3.753741,4.362714,-0.022755,-0.007636,-0.001069,32.48,64.1846261613371
65482,-8.198408,-3.760321,4.349553,-0.021686,-0.008247,-0.000611,32.48,64.255179026063
65492,-8.199606,-3.753142,4.348955,-0.021991,-0.008247,-0.001374,32.48,64.2535353387401
65502,-8.199606,-3.760321,4.354339,-0.021991,-0.008705,-0.000458,32.5,64.2332258895422
65512,-8.194819,-3.765705,4.351348,-0.021533,-0.009163,0.000458,32.5,64.2434042571187
65522,-8.199606,-3.754937,4.353143,-0.020464,-0.008705,0.000916,32.46,64.2338096315239
65532,-8.194819,-3.75075,4.353741,-0.020464,-0.008705,0.001985,32.46,64.2155586340813
65542,-8.193025,-3.747759,4.360321,-0.019395,-0.007941,0.002138,32.46,64.1744819335727
65552,-8.195418,-3.754339,4.356134,-0.018937,-0.008247,0.002138,32.46,64.2083027429249
65562,-8.194819,-3.754339,4.356732,-0.018784,-0.008705,0.002749,32.47,64.2038653112223
65572,-8.18764,-3.757928,4.362116,-0.018173,-0.008094,0.003971,32.47,64.1635884231046
65582,-8.188239,-3.752544,4.362714,-0.018173,-0.006872,0.004429,32.48,64.1562657060045
65592,-8.196614,-3.759723,4.35733,-0.01909,-0.006567,0.003971,32.51,64.2104328997115
65602,-8.187043,-3.753142,4.356134,-0.018631,-0.005803,0.004429,32.51,64.188088319315
65612,-8.202596,-3.751348,4.362714,-0.018021,-0.005803,0.004581,32.55,64.1875656266961
65622,-8.181659,-3.755535,4.357928,-0.018173,-0.005345,0.004887,32.55,64.1691188995137
65632,-8.193025,-3.750151,4.372883,-0.017715,-0.004276,0.004887,32.47,64.1122764620097
65642,-8.192427,-3.748955,4.372285,-0.018173,-0.002902,0.00504,32.47,64.1127528931347
65652,-8.19123,-3.754339,4.363312,-0.018326,-0.003054,0.005345,32.46,64.1618347249521
65662,-8.188239,-3.759723,4.365705,-0.018173,-0.002138,0.005956,32.46,64.1483281550939
65672,-8.194819,-3.751946,4.361517,-0.018937,-0.001374,0.005192,32.49,64.1767314521788
65682,-8.190034,-3.767499,4.360919,-0.019548,-0.000916,0.005345,32.49,64.1851401269728
65692,-8.19123,-3.753741,4.346562,-0.0197,0,0.005498,32.48,64.247554716496
65702,-8.199606,-3.751946,4.361517,-0.020159,0.000153,0.004734,32.48,64.1875768395669
65712,-8.196614,-3.755535,4.362714,-0.020464,0.000916,0.004887,32.52,64.1783584065698
65722,-8.194819,-3.75733,4.36391,-0.020311,0.001069,0.004734,32.52,64.1699974455344
65732,-8.206783,-3.759723,4.357928,-0.02138,0.000916,0.004581,32.48,64.2303433536989
65742,-8.21157,-3.753142,4.368696,-0.021838,0.001222,0.004429,32.48,64.1789591626074
65752,-8.200802,-3.745964,4.362714,-0.022297,0.001985,0.003971,32.49,64.1779266623093
65762,-8.202596,-3.759723,4.351946,-0.023366,0.002443,0.003207,32.49,64.2516893984837
65772,-8.2014,-3.758526,4.357928,-0.023824,0.002138,0.00168,32.49,64.2169367318896
65782,-8.194819,-3.754339,4.358526,-0.025045,0.000916,0.001374,32.46,64.1946221584214
65792,-8.212168,-3.75733,4.358526,-0.025351,0.000764,0.000764,32.46,64.2369545258098
65802,-8.20798,-3.757928,4.361517,-0.025656,0.000611,0.000305,32.47,64.2127194510845
65812,-8.206783,-3.751946,4.355535,-0.026114,-0.000458,0.000611,32.47,64.2346205864856
65822,-8.199606,-3.760919,4.352544,-0.027184,0.000153,-0.000458,32.47,64.2430929062086
65832,-8.206185,-3.760321,4.352544,-0.027336,-0.001222,-0.000916,32.47,64.2573323492701
65842,-8.21157,-3.766303,4.360919,-0.027336,-0.002291,-0.00168,32.51,64.2325729927032
65852,-8.20798,-3.749553,4.360919,-0.027489,-0.002749,-0.001527,32.51,64.2071350978241
65862,-8.21157,-3.758526,4.357928,-0.028711,-0.002596,-0.002443,32.47,64.2399173559274
65872,-8.212766,-3.759723,4.356732,-0.028558,-0.003512,-0.003207,32.47,64.2500089353808
65882,-8.19781,-3.75075,4.354938,-0.028863,-0.004429,-0.004123,32.48,64.216160860614
65892,-8.204989,-3.754937,4.356134,-0.029322,-0.004734,-0.00336,32.48,64.2305732121009
65902,-8.199007,-3.756732,4.350152,-0.028863,-0.005498,-0.00336,32.43,64.2497276994336
65912,-8.193623,-3.756732,4.354938,-0.029169,-0.006261,-0.003054,32.43,64.212885254159
65922,-8.205587,-3.757928,4.353741,-0.029016,-0.006567,-0.00336,32.44,64.2473420086249
65932,-8.2014,-3.748955,4.354339,-0.028558,-0.008399,-0.00504,32.5,64.2255143102503
65942,-8.212168,-3.752544,4.35733,-0.028558,-0.008552,-0.004734,32.5,64.2381666117997
65952,-8.203195,-3.750151,4.360919,-0.028253,-0.009316,-0.003818,32.5,64.1969238442019
65962,-8.202596,-3.754339,4.353143,-0.0281,-0.010079,-0.004581,32.5,64.2399507363645
65972,-8.206783,-3.750151,4.351348,-0.027489,-0.010232,-0.005192,32.53,64.254332494611
65982,-8.203793,-3.760919,4.360321,-0.027031,-0.010385,-0.00336,32.53,64.2125072842476
65992,-8.205587,-3.755535,4.354938,-0.026878,-0.01069,-0.004123,32.47,64.2387023725392
66002,-8.185846,-3.754937,4.345366,-0.026878,-0.011912,-0.003818,32.47,64.242783850541
66012,-8.194221,-3.764508,4.354938,-0.025962,-0.012217,-0.003512,32.48,64.222311210545
66022,-8.193623,-3.754937,4.345964,-0.025809,-0.012523,-0.002749,32.48,64.2572906936619
66032,-8.191828,-3.758526,4.357928,-0.02474,-0.012217,-0.001527,32.5,64.1952769872602
66042,-8.2014,-3.760919,4.354339,-0.025504,-0.012981,-0.002902,32.5,64.2378997661166
66052,-8.200802,-3.769294,4.353741,-0.024129,-0.011912,-0.001222,32.48,64.2483122562461
66062,-8.195418,-3.754339,4.359125,-0.023518,-0.011912,-0.000153,32.48,64.1928929149559
66072,-8.190034,-3.753741,4.352544,-0.022602,-0.01237,0.000611,32.5,64.2139966563321
66082,-8.191828,-3.750151,4.350152,-0.022602,-0.011912,0.000764,32.5,64.2266701013715
66092,-8.190034,-3.765106,4.359723,-0.021228,-0.010843,0.001527,32.47,64.188809550883
66102,-8.191828,-3.758526,4.35733,-0.02138,-0.010079,0.003207,32.47,64.1983582449676
66112,-8.193025,-3.753142,4.362714,-0.020922,-0.010079,0.004429,32.49,64.1677410392582
66122,-8.193025,-3.76391,4.362714,-0.020922,-0.009468,0.004429,32.5,64.1789322326926
66132,-8.195418,-3.760919,4.365107,-0.0197,-0.007789,0.005345,32.5,64.1689209979637
66142,-8.195418,-3.76391,4.360919,-0.0197,-0.00733,0.005192,32.46,64.1935912184522
66152,-8.190034,-3.761517,4.371089,-0.019853,-0.005803,0.006414,32.46,64.1265491245821
66162,-8.196614,-3.760919,4.359723,-0.019395,-0.005651,0.007636,32.47,64.1993494173424
66172,-8.19123,-3.762714,4.362116,-0.01909,-0.004123,0.007789,32.47,64.1767030223461
66182,-8.190632,-3.762714,4.366901,-0.019395,-0.003665,0.008705,32.48,64.1507092984966
66192,-8.184052,-3.771687,4.366303,-0.0197,-0.002749,0.007941,32.48,64.1482330748686
66202,-8.188837,-3.76391,4.354339,-0.019242,-0.001833,0.008858,32.51,64.2125986976632
66212,-8.193025,-3.761517,4.367499,-0.019548,-0.000764,0.009927,32.51,64.1518084568939
66222,-8.193623,-3.760919,4.36391,-0.019395,-0.000916,0.009163,32.48,64.1710179096438
66232,-8.200802,-3.759723,4.362714,-0.01909,-0.000305,0.009316,32.48,64.1921852777597
66242,-8.19123,-3.757928,4.354938,-0.0197,0.000916,0.008858,32.54,64.2087102260513
66252,-8.205587,-3.762115,4.362116,-0.020464,0.001222,0.00901,32.54,64.2085642109096
66262,-8.199007,-3.754937,4.35733,-0.020311,0.001985,0.009316,32.5,64.2108840941533
66272,-8.198408,-3.759723,4.355535,-0.021075,0.001374,0.008705,32.5,64.2237367093866
66282,-8.196015,-3.754339,4.362714,-0.021686,0.00336,0.007178,32.46,64.1757601257917
66292,-8.209774,-3.755535,4.35733,-0.022602,0.003054,0.00672,32.47,64.2358474569739
66302,-8.19781,-3.752544,4.349553,-0.022907,0.002749,0.006872,32.47,64.2457732149915
66312,-8.200203,-3.757928,4.356134,-0.023213,0.002902,0.006261,32.5,64.2228494341223
66322,-8.209177,-3.750151,4.356134,-0.024282,0.002291,0.004429,32.5,64.2350935241984
66332,-8.199007,-3.756732,4.356732,-0.025045,0.002443,0.003207,32.46,64.2158247306641
66342,-8.201998,-3.757928,4.352544,-0.025504,0.00168,0.002596,32.46,64.2453995341788
66352,-8.215756,-3.754339,4.351946,-0.025504,0.001374,0.002138,32.49,64.2758329312888
66362,-8.213962,-3.754937,4.354938,-0.026267,0.000611,0.001374,32.49,64.2569997387931
66372,-8.21157,-3.759125,4.347161,-0.026725,0.000305,0.001527,32.52,64.2959694519325
66382,-8.209177,-3.759125,4.348357,-0.027336,-0.000305,0.000153,32.52,64.2844128332617
66392,-8.213365,-3.753142,4.356732,-0.027794,-0.001222,-0.001069,32.5,64.2445656422198
66402,-8.206783,-3.758526,4.353143,-0.027947,-0.002138,-0.000764,32.5,64.2537411619136
66412,-8.200203,-3.759125,4.353143,-0.027489,-0.002443,-0.001527,32.48,64.2394970507821
66422,-8.20798,-3.742973,4.352544,-0.027642,-0.003665,-0.003054,32.48,64.2434693486122
66432,-8.206185,-3.748357,4.363312,-0.027947,-0.004734,-0.004123,32.48,64.1895187016857
66442,-8.224131,-3.753741,4.36391,-0.027184,-0.005651,-0.003512,32.48,64.2325716320064
66452,-8.208578,-3.75075,4.347161,-0.028558,-0.007636,-0.003818,32.48,64.2805782186182
66462,-8.207382,-3.758526,4.358526,-0.028253,-0.008247,-0.00336,32.45,64.227379877103
66472,-8.210971,-3.760919,4.351946,-0.0281,-0.007941,-0.002596,32.45,64.2718297884335
66482,-8.19781,-3.761517,4.348357,-0.027336,-0.00901,-0.003207,32.5,64.2612319083303
66492,-8.203793,-3.745964,4.356134,-0.0281,-0.010385,-0.002749,32.5,64.2185898481319
66502,-8.194221,-3.754937,4.343571,-0.027794,-0.009774,-0.003054,32.43,64.2709860451495
66512,-8.205587,-3.743571,4.354938,-0.027489,-0.011148,-0.002902,32.43,64.2263392535771
66522,-8.188239,-3.753741,4.355535,-0.026573,-0.011148,-0.002138,32.46,64.1945094873821
66532,-8.206783,-3.750151,4.358526,-0.026725,-0.012217,-0.002749,32.46,64.217364220414
66542,-8.197212,-3.752544,4.360321,-0.025962,-0.01237,-0.001985,32.49,64.1889338134288
66552,-8.194221,-3.744169,4.347759,-0.026114,-0.011912,-0.000764,32.49,64.2382362363888
66562,-8.2014,-3.756134,4.34417,-0.025656,-0.012828,-0.002749,32.51,64.2853507249463
66572,-8.204391,-3.743571,4.360919,-0.024893,-0.012675,-0.000764,32.51,64.1928265220851
66582,-8.198408,-3.745964,4.348357,-0.025504,-0.013439,-0.001527,32.47,64.2464854069166
66592,-8.198408,-3.741776,4.362116,-0.02474,-0.012981,-0.000153,32.47,64.1712428808033
66602,-8.188837,-3.751348,4.354339,-0.023976,-0.013134,0.000305,32.48,64.199545818249
66612,-8.198408,-3.752544,4.354339,-0.023824,-0.012981,0.000611,32.48,64.2224588451992
66622,-8.193025,-3.756134,4.366901,-0.02306,-0.012217,0.00168,32.5,64.1492885243254
66632,-8.187043,-3.755535,4.351946,-0.022449,-0.011912,0.001527,32.53,64.212169636996
66642,-8.186445,-3.757928,4.365107,-0.021991,-0.010843,0.002749,32.53,64.1454699813421
66652,-8.188239,-3.751348,4.356732,-0.021533,-0.009927,0.003054,32.47,64.1858528620582
66662,-8.188837,-3.758526,4.359723,-0.021838,-0.009621,0.002749,32.47,64.1792531379006
66672,-8.196015,-3.761517,4.354938,-0.021838,-0.008094,0.003512,32.52,64.2232622342395
66682,-8.186445,-3.759723,4.359723,-0.021838,-0.008399,0.002749,32.52,64.1750779536902
66692,-8.203793,-3.755535,4.364508,-0.021838,-0.007025,0.003512,32.48,64.1853790367415
66702,-8.194819,-3.766901,4.359723,-0.02138,-0.006261,0.002902,32.48,64.2015036177505
66712,-8.190034,-3.760321,4.351946,-0.021686,-0.005803,0.004123,32.5,64.2239121631463
66722,-8.18764,-3.769294,4.356732,-0.021228,-0.003665,0.00504,32.5,64.2031616021359
66732,-8.199007,-3.760919,4.363312,-0.021991,-0.003512,0.00504,32.52,64.1862863743361
66742,-8.194221,-3.765705,4.368696,-0.021228,-0.00168,0.004887,32.52,64.1527161703199
66752,-8.190034,-3.762714,4.35733,-0.020922,-0.000916,0.00504,32.54,64.1986498207195
66762,-8.184052,-3.771089,4.354339,-0.021228,-0.000458,0.005345,32.54,64.2092476651534
66772,-8.189436,-3.768098,4.361517,-0.021228,0.000916,0.005956,32.48,64.1813304304458
66782,-8.207382,-3.766303,4.359723,-0.020006,0.00168,0.004581,32.48,64.2292721752238
66792,-8.202596,-3.759125,4.353741,-0.013286,0.005192,0.001374,32.45,64.2418239673163
66802,-8.200203,-3.765106,4.360919,-0.011454,0.004887,0.001222,32.45,64.2056559423738
66812,-8.194819,-3.753741,4.351946,-0.013134,0.004887,0.000153,32.45,64.2279112247773
66822,-8.196015,-3.759723,4.359125,-0.012981,0.004581,-0.000764,32.48,64.1998320213366
66832,-8.193025,-3.757928,4.356732,-0.013439,0.004734,-0.000764,32.48,64.2035284678527
66842,-8.204391,-3.761517,4.353741,-0.013897,0.004734,-0.000611,32.49,64.2483550723004
66852,-8.199007,-3.759723,4.35733,-0.014966,0.003971,-0.000458,32.49,64.2158456672329
66862,-8.216953,-3.756134,4.356732,-0.015272,0.003054,-0.000458,32.49,64.2557527640684
66872,-8.208578,-3.762714,4.356732,-0.014813,0.002902,-0.000611,32.49,64.2436485217843
66882,-8.206783,-3.754339,4.368098,-0.015424,0.002291,-0.000764,32.49,64.1724383185677
66892,-8.213962,-3.757928,4.352544,-0.015882,0.001833,-0.001527,32.49,64.2724093852416
66902,-8.199606,-3.758526,4.366303,-0.016493,0.001222,-0.002291,32.47,64.1697642336507
66912,-8.209177,-3.751946,4.354339,-0.016035,0.000611,-0.002596,32.47,64.2461899084344
66922,-8.198408,-3.76391,4.359125,-0.016799,-0.000611,-0.002443,32.5,64.2095918554817
66932,-8.202596,-3.755535,4.359125,-0.016493,0.000305,-0.001985,32.5,64.2103795235886
66942,-8.208578,-3.752544,4.361517,-0.016952,-0.000305,-0.002596,32.5,64.2085021189617
66952,-8.204989,-3.746562,4.366303,-0.017562,-0.001222,-0.003512,32.5,64.1695591769227
66962,-8.206783,-3.760919,4.35733,-0.017562,-0.001374,-0.004581,32.48,64.2346594881578
66972,-8.209774,-3.756732,4.361517,-0.017868,-0.001527,-0.003971,32.5,64.2155371567165
66982,-8.204391,-3.759125,4.356732,-0.017257,-0.00168,-0.004887,32.5,64.2304767921515
66992,-8.20798,-3.747759,4.362714,-0.017562,-0.001374,-0.00504,32.49,64.1960420187929
67002,-8.195418,-3.753741,4.366901,-0.017562,-0.001222,-0.005651,32.49,64.1522281321923
67012,-8.209177,-3.751348,4.361517,-0.017868,-0.001374,-0.006414,32.48,64.2086205412107
67022,-8.194221,-3.756732,4.358526,-0.017715,-0.001222,-0.007025,32.48,64.1957514881695
67032,-8.199606,-3.751946,4.354339,-0.017868,-0.001527,-0.007178,32.52,64.2245502421121
67042,-8.203195,-3.757928,4.360919,-0.017715,-0.001069,-0.006872,32.52,64.2049774943597
67052,-8.209177,-3.747759,4.362714,-0.016952,-0.00168,-0.007636,32.48,64.1987513786657
67062,-8.206185,-3.752544,4.361517,-0.01741,-0.001069,-0.007178,32.48,64.2030887905264
67072,-8.199606,-3.747759,4.361517,-0.017257,-0.000916,-0.00672,32.48,64.1832390572947
67082,-8.204391,-3.754937,4.359723,-0.017104,-0.001222,-0.006414,32.48,64.2107417824007
67092,-8.203195,-3.75733,4.35733,-0.017562,-0.001069,-0.006414,32.46,64.2228356703992
67102,-8.196015,-3.755535,4.360321,-0.016646,-0.002291,-0.006109,32.46,64.1893253440283
67112,-8.189436,-3.754937,4.358526,-0.017257,-0.002138,-0.006261,32.51,64.1830477498257
67122,-8.185248,-3.749553,4.347759,-0.016799,-0.001985,-0.005192,32.51,64.2234918894851
67132,-8.190632,-3.743571,4.363312,-0.015882,-0.001833,-0.005803,32.47,64.1492950698753
67142,-8.188239,-3.753142,4.356732,-0.015424,-0.002291,-0.004123,32.47,64.1877164415231
67152,-8.188239,-3.756134,4.361517,-0.015577,-0.002902,-0.003054,32.5,64.1661663228006
67162,-8.184649,-3.763312,4.353741,-0.014508,-0.002443,-0.002596,32.49,64.2055803210845
67172,-8.184649,-3.755535,4.353741,-0.014813,-0.002749,-0.00168,32.49,64.197489056147
67182,-8.192427,-3.756732,4.356732,-0.014966,-0.002596,-0.000916,32.48,64.2009327565354
67192,-8.184649,-3.760919,4.35733,-0.014813,-0.002596,-0.000916,32.48,64.1845865402455
67202,-8.203195,-3.766901,4.359723,-0.014508,-0.002902,-0.000153,32.5,64.2204361966457
67212,-8.198408,-3.760919,4.349553,-0.014966,-0.002291,0.000153,32.5,64.2557986683068
67222,-8.199007,-3.753142,4.356134,-0.014813,-0.00168,0.002443,32.49,64.2151853108757
67232,-8.18764,-3.752544,4.353741,-0.014661,-0.002138,0.001527,32.49,64.2011586807558
67242,-8.189436,-3.762714,4.356732,-0.014966,-0.002138,0.002291,32.46,64.2003776399187
67252,-8.190034,-3.756134,4.353741,-0.014203,-0.001985,0.002902,32.46,64.2103095820866
67262,-8.202596,-3.763312,4.357928,-0.014508,-0.001833,0.002443,32.46,64.2246008697438
67272,-8.193623,-3.77049,4.357928,-0.014661,-0.001374,0.003512,32.46,64.2117755130398
67282,-8.194221,-3.759125,4.359723,-0.014813,-0.001222,0.00336,32.5,64.1920702176501
67292,-8.190632,-3.760321,4.356134,-0.014966,-0.001069,0.003512,32.5,64.2036787438675
67302,-8.19123,-3.752544,4.354938,-0.014966,-0.000916,0.003207,32.48,64.2031208357052
67312,-8.199007,-3.752544,4.352544,-0.014966,0,0.004429,32.48,64.2330638791754
67322,-8.181659,-3.759125,4.345964,-0.016035,0.000611,0.003054,32.5,64.2345725222763
67332,-8.199007,-3.751946,4.359125,-0.016035,0,0.002749,32.51,64.1985390881012
67342,-8.192427,-3.765705,4.353741,-0.015577,0.000153,0.001833,32.51,64.2256664536909
67352,-8.200802,-3.761517,4.363312,-0.016952,0.000764,0.001069,32.44,64.1909687002807
67362,-8.202596,-3.76391,4.36391,-0.016646,0.000458,0.000764,32.44,64.1944322920116
67372,-8.206783,-3.754339,4.354938,-0.017104,-0.000458,-0.000153,32.48,64.2401683729595
67383,-8.204391,-3.760321,4.359125,-0.018479,0.000153,-0.000458,32.48,64.219395699497
67392,-8.19781,-3.766303,4.359723,-0.018326,0.000153,-0.000916,32.46,64.2076456924636
67402,-8.2014,-3.756134,4.354938,-0.018937,-0.000764,-0.001985,32.46,64.2298580485315
67412,-8.218149,-3.756134,4.351348,-0.019853,-0.000764,-0.002749,32.45,64.2861577950203
67422,-8.208578,-3.764508,4.359125,-0.020464,-0.000916,-0.003207,32.45,64.2331903508768
67432,-8.2014,-3.75733,4.349553,-0.020159,-0.00168,-0.004429,32.46,64.2588406687925
67442,-8.218149,-3.753142,4.350152,-0.020922,-0.002443,-0.00504,32.46,64.2892325009054
67452,-8.207382,-3.75733,4.348357,-0.021533,-0.002902,-0.005956,32.46,64.2785090449857
67462,-8.212168,-3.751946,4.360919,-0.021838,-0.00336,-0.006109,32.46,64.2190790446034
67472,-8.208578,-3.759723,4.362116,-0.021533,-0.003207,-0.006109,32.46,64.2128468796079
67482,-8.19781,-3.756732,4.354339,-0.021686,-0.004734,-0.007636,32.46,64.2254451375579
67492,-8.201998,-3.755535,4.355535,-0.021991,-0.005651,-0.007636,32.51,64.2275148669133
67502,-8.20798,-3.751348,4.353741,-0.021838,-0.005803,-0.007483,32.48,64.2459471901862
67512,-8.193025,-3.763312,4.351348,-0.021686,-0.006567,-0.007636,32.48,64.2368653749207
67522,-8.208578,-3.75733,4.354938,-0.02138,-0.007025,-0.007178,32.49,64.2473152385809
67532,-8.200203,-3.75733,4.348955,-0.02138,-0.007636,-0.00733,32.49,64.259218515591
67542,-8.214561,-3.758526,4.365705,-0.020006,-0.008094,-0.00672,32.46,64.2066693772945
67552,-8.202596,-3.760321,4.359125,-0.020464,-0.007789,-0.006109,32.46,64.2153380934761
67562,-8.200203,-3.758526,4.353741,-0.020769,-0.008705,-0.006872,32.48,64.2357957478753
67572,-8.200203,-3.765705,4.355535,-0.019853,-0.00901,-0.005803,32.48,64.233997682265
67582,-8.194221,-3.751348,4.359723,-0.020159,-0.008247,-0.006567,32.48,64.183997416531
67592,-8.197212,-3.749553,4.354938,-0.019395,-0.008094,-0.004887,32.48,64.2135673855088
67602,-8.196015,-3.756732,4.356134,-0.019548,-0.008247,-0.00504,32.47,64.2121358398666
67612,-8.194221,-3.753741,4.358526,-0.01909,-0.007636,-0.005345,32.47,64.1926472531901
67622,-8.197212,-3.748955,4.351946,-0.018631,-0.00733,-0.003818,32.46,64.228369332521
67632,-8.197212,-3.751946,4.355535,-0.017562,-0.006567,-0.002749,32.46,64.2129698426324
67642,-8.19123,-3.756134,4.345964,-0.018173,-0.00672,-0.002291,32.49,64.2531205560533
67652,-8.182856,-3.754937,4.357928,-0.01741,-0.005192,-0.00168,32.49,64.1712115673447
67662,-8.196015,-3.762714,4.367499,-0.01741,-0.003818,-0.000458,32.47,64.1598276303808
67672,-8.182856,-3.756134,4.368696,-0.016799,-0.00336,0,32.47,64.1169668079404
67682,-8.192427,-3.759723,4.362116,-0.016646,-0.003665,0.000611,32.47,64.1763037165915
67692,-8.192427,-3.754339,4.36391,-0.016035,-0.001985,0.001833,32.48,64.1614687140759
67702,-8.19123,-3.763312,4.362116,-0.016035,-0.000764,0.002291,32.48,64.1773251700788
67712,-8.183454,-3.748357,4.363312,-0.015272,-0.000305,0.003054,32.48,64.1379664399177
67722,-8.18764,-3.755535,4.358526,-0.014966,0.000916,0.003818,32.48,64.1795986501126
67732,-8.198408,-3.76391,4.354339,-0.014508,0.00168,0.004581,32.5,64.2342401674416
67742,-8.19781,-3.767499,4.362714,-0.014813,0.001985,0.00336,32.5,64.1934912065233
67752,-8.190034,-3.759723,4.359723,-0.013592,0.00336,0.005345,32.51,64.1832098030382
67762,-8.198408,-3.759125,4.354938,-0.013897,0.003665,0.005192,32.51,64.2261920680345
67772,-8.185846,-3.766303,4.369893,-0.014355,0.004123,0.00504,32.47,64.1281963131894
67782,-8.184052,-3.768696,4.35733,-0.01405,0.004123,0.005803,32.47,64.1913367609234
67792,-8.190632,-3.758526,4.353741,-0.01405,0.005498,0.005498,32.48,64.2141475173028
67802,-8.194819,-3.75733,4.355535,-0.014813,0.005345,0.005651,32.48,64.2131360574278
67812,-8.183454,-3.75733,4.365107,-0.01405,0.005956,0.006261,32.46,64.1380600158651
67822,-8.193025,-3.756134,4.359723,-0.01405,0.005651,0.005803,32.46,64.1862554097058
67832,-8.194221,-3.756134,4.362714,-0.014966,0.006872,0.005192,32.5,64.1735589950306
67842,-8.210971,-3.75733,4.349553,-0.015882,0.006261,0.005956,32.5,64.2804459280139
67852,-8.202596,-3.762714,4.351348,-0.016799,0.006109,0.005498,32.5,64.2578669544853
67862,-8.218747,-3.751348,4.351946,-0.01573,0.005345,0.00504,32.49,64.2794986203359
67872,-8.215158,-3.75075,4.349553,-0.016188,0.004581,0.003818,32.49,64.2831067247821
67882,-8.206783,-3.756134,4.356732,-0.016952,0.00504,0.003818,32.48,64.2327870153986
67892,-8.213365,-3.754339,4.351946,-0.016952,0.003818,0.003665,32.48,64.2704382027813
67902,-8.201998,-3.756134,4.347161,-0.017868,0.003207,0.001833,32.49,64.2712819672344
67912,-8.197212,-3.762115,4.350152,-0.018784,0.002749,0.000458,32.49,64.2512495137907
67922,-8.210971,-3.762115,4.358526,-0.01909,0.001833,0.000153,32.5,64.2391985080783
67932,-8.222935,-3.753142,4.35733,-0.019548,0.000611,-0.000764,32.5,64.2630890699712
67942,-8.213365,-3.756732,4.362116,-0.019548,-0.001069,-0.001833,32.51,64.2205703094044
67952,-8.216354,-3.747759,4.350152,-0.019853,-0.000305,-0.001069,32.51,64.2796408120759
67962,-8.212168,-3.757928,4.345964,-0.020922,-0.003207,-0.003207,32.48,64.3022483159056
67972,-8.213365,-3.759723,4.347759,-0.021228,-0.004429,-0.00504,32.48,64.2975527076825
67982,-8.216354,-3.762714,4.354938,-0.021838,-0.005192,-0.006109,32.5,64.2704226283286
67992,-8.21157,-3.752544,4.346562,-0.021686,-0.005956,-0.006567,32.5,64.2922670016467
68002,-8.207382,-3.761517,4.353741,-0.022297,-0.00733,-0.008858,32.46,64.2551077693402
68012,-8.212766,-3.754339,4.359723,-0.021686,-0.009468,-0.008399,32.49,64.2290561010367
68022,-8.216354,-3.756732,4.355535,-0.022297,-0.010079,-0.008705,32.49,64.2611773156934
68032,-8.208578,-3.761517,4.354938,-0.022602,-0.010996,-0.009468,32.54,64.2516447129334
68042,-8.203793,-3.748357,4.359125,-0.022449,-0.011759,-0.009927,32.54,64.2056590263578
68052,-8.196614,-3.753142,4.355535,-0.021991,-0.012065,-0.009316,32.49,64.2128555954158
68062,-8.194819,-3.765705,4.35075,-0.022449,-0.012828,-0.010537,32.49,64.2464860621518
68072,-8.206185,-3.764508,4.363312,-0.021533,-0.012828,-0.011148,32.46,64.2062425385094
68082,-8.199007,-3.747759,4.344768,-0.021228,-0.012981,-0.010385,32.46,64.2682041533502
68092,-8.193025,-3.75075,4.346562,-0.020769,-0.012217,-0.009316,32.5,64.2485162693272
68102,-8.192427,-3.759125,4.363312,-0.020769,-0.012675,-0.010537,32.5,64.169522634895
68112,-8.19781,-3.763312,4.362714,-0.020922,-0.01237,-0.008858,32.45,64.1891408230249
68122,-8.19123,-3.754339,4.356134,-0.020464,-0.012675,-0.008552,32.45,64.198819217055
68132,-8.190632,-3.758526,4.363312,-0.019548,-0.011454,-0.008094,32.49,64.164832093003
68142,-8.181659,-3.760321,4.363312,-0.019242,-0.010385,-0.006872,32.49,64.1463535041551
68152,-8.185248,-3.768098,4.366303,-0.01909,-0.009621,-0.007025,32.49,64.1471971468303
68162,-8.192427,-3.75733,4.366303,-0.018173,-0.008705,-0.005345,32.49,64.1522549459294
68172,-8.200802,-3.755535,4.366303,-0.017715,-0.008399,-0.004581,32.49,64.1693693344873
68182,-8.192427,-3.759125,4.360919,-0.017104,-0.006414,-0.002749,32.48,64.1818473333029
68192,-8.195418,-3.762115,4.365107,-0.016646,-0.005498,-0.003207,32.48,64.1701641776552
68202,-8.177471,-3.769294,4.356134,-0.016188,-0.003971,-0.002443,32.46,64.1832223770363
68212,-8.180463,-3.76391,4.354339,-0.016035,-0.003054,-0.001374,32.46,64.1936396550588
68222,-8.17807,-3.762115,4.365705,-0.015119,-0.001527,-0.000153,32.52,64.1277490446575
68232,-8.184052,-3.77049,4.359723,-0.014813,-0.000764,0.001069,32.52,64.1808762671046
68242,-8.193025,-3.767499,4.366303,-0.014508,-0.000153,0.001222,32.5,64.1641906675915
68252,-8.17807,-3.764508,4.360321,-0.01405,0.000916,0.001527,32.5,64.1579964603575
68262,-8.180463,-3.763312,4.369893,-0.013286,0.00168,0.002596,32.45,64.1128580873944
68272,-8.181659,-3.759125,4.365107,-0.013134,0.002596,0.002596,32.45,64.1358570856066
68282,-8.190632,-3.765106,4.359125,-0.012523,0.003665,0.002443,32.57,64.1932436181061
68292,-8.184052,-3.760919,4.364508,-0.013134,0.004734,0.003207,32.57,64.1462435176427
68302,-8.185846,-3.753142,4.357928,-0.012675,0.00504,0.003818,32.48,64.1761255710448
68312,-8.176275,-3.760321,4.364508,-0.01237,0.005803,0.004429,32.48,64.1279683364175
68322,-8.185248,-3.771089,4.360321,-0.012523,0.006567,0.004581,32.46,64.1811278539136
68332,-8.188239,-3.764508,4.359125,-0.012828,0.007178,0.004276,32.46,64.1872040191255
68342,-8.186445,-3.760321,4.359723,-0.013439,0.007789,0.004734,32.46,64.175700407503
68352,-8.185248,-3.766303,4.356134,-0.013744,0.008705,0.004123,32.46,64.1977148021051
68362,-8.191828,-3.769892,4.361517,-0.013439,0.010079,0.004581,32.52,64.1886117847575
68372,-8.191828,-3.765106,4.356134,-0.01405,0.010385,0.004276,32.46,64.2113588523218
68382,-8.2014,-3.763312,4.357928,-0.01405,0.009774,0.003971,32.46,64.2218981720507
68392,-8.213365,-3.766303,4.350152,-0.014203,0.010843,0.003665,32.49,64.2920245068
68402,-8.201998,-3.77049,4.346562,-0.014966,0.010385,0.003054,32.49,64.2892303662225
68412,-8.207382,-3.763312,4.356732,-0.015119,0.009621,0.002596,32.44,64.2415674112648
68422,-8.209774,-3.760919,4.354339,-0.016035,0.008858,0.001985,32.44,64.2568093034452
68432,-8.205587,-3.752544,4.353741,-0.016341,0.008399,0.001833,32.46,64.2417747422077
68442,-8.21157,-3.75075,4.356134,-0.016952,0.00733,0.000916,32.46,64.241120147696
68452,-8.216953,-3.753142,4.35075,-0.017104,0.006872,0.000916,32.52,64.2834566620704
68462,-8.20798,-3.754937,4.343571,-0.017562,0.005803,-0.000458,32.52,64.3020500124689
68472,-8.216354,-3.755535,4.353741,-0.018173,0.004123,-0.000916,32.5,64.2691753722051
68482,-8.199007,-3.75733,4.337589,-0.018479,0.002596,-0.001069,32.5,64.3151295708489
68492,-8.212766,-3.759723,4.347161,-0.017562,0.001985,-0.001527,32.48,64.2992824310293
68502,-8.219944,-3.754339,4.341179,-0.018021,-0.000153,-0.002749,32.48,64.3407179017442
68512,-8.220542,-3.753142,4.34058,-0.018173,-0.002596,-0.003207,32.5,64.3439194025527
68522,-8.210971,-3.756134,4.338786,-0.018937,-0.003971,-0.004429,32.5,64.3346914999211
68532,-8.215158,-3.75075,4.357928,-0.018631,-0.006261,-0.004734,32.52,64.2399925583816
68542,-8.208578,-3.754339,4.346562,-0.018631,-0.008094,-0.005498,32.51,64.2873679332707
68552,-8.213365,-3.759125,4.356134,-0.019548,-0.00901,-0.00672,32.51,64.2538204152028
68562,-8.204391,-3.756134,4.349553,-0.019853,-0.009468,-0.006414,32.48,64.2643589871354
68572,-8.215158,-3.742973,4.345964,-0.0197,-0.010537,-0.006567,32.48,64.2935896345299
68582,-8.219346,-3.753741,4.345366,-0.019242,-0.011454,-0.006261,32.46,64.3171903030616
68592,-8.212168,-3.75075,4.355535,-0.01909,-0.012981,-0.006567,32.46,64.2455549519704
68602,-8.206185,-3.741776,4.356134,-0.019853,-0.012981,-0.005956,32.46,64.2196787303352
68612,-8.197212,-3.750151,4.365705,-0.01909,-0.012523,-0.005345,32.46,64.1587269989585
68622,-8.193025,-3.751946,4.35075,-0.019395,-0.013439,-0.006872,32.45,64.2281567117074
68632,-8.193623,-3.754937,4.351348,-0.019548,-0.013744,-0.006261,32.45,64.2295276882334
68642,-8.203793,-3.751348,4.356732,-0.019395,-0.013439,-0.006414,32.48,64.2210764184078
68652,-8.203195,-3.741179,4.348955,-0.019395,-0.012828,-0.005956,32.48,64.2492909538481
68662,-8.201998,-3.749553,4.359723,-0.018173,-0.012981,-0.006261,32.5,64.1997532956663
68672,-8.19123,-3.760321,4.359125,-0.019242,-0.012523,-0.006109,32.5,64.1896211427749
68682,-8.198408,-3.759125,4.360919,-0.018326,-0.011148,-0.004734,32.5,64.1953883683259
68692,-8.192427,-3.754339,4.369893,-0.018326,-0.010996,-0.005651,32.5,64.1306630002171
68702,-8.190632,-3.754339,4.366901,-0.016952,-0.009927,-0.005345,32.51,64.1419944635167
68712,-8.19123,-3.759723,4.362714,-0.017868,-0.009163,-0.005345,32.46,64.1705120654863
68722,-8.181659,-3.759723,4.358526,-0.017257,-0.008094,-0.005345,32.46,64.1703980992417
68732,-8.184052,-3.754937,4.363312,-0.016646,-0.006872,-0.003971,32.46,64.1461733868535
68742,-8.19123,-3.763312,4.36391,-0.016952,-0.006109,-0.003971,32.46,64.1680866496887
68752,-8.18764,-3.76391,4.358526,-0.01573,-0.005803,-0.003512,32.47,64.1883115088227
68762,-8.181659,-3.765705,4.364508,-0.016493,-0.004887,-0.002291,32.47,64.1458082572674
68772,-8.197212,-3.744768,4.370491,-0.016341,-0.003818,-0.002138,32.47,64.1285059230838
68782,-8.185846,-3.763312,4.365107,-0.015272,-0.003054,-0.001222,32.47,64.1497208744065
68792,-8.185846,-3.778865,4.354938,-0.012217,-0.001222,-0.002443,32.44,64.218325537732
68802,-8.17807,-3.759723,4.366303,-0.008399,0.002443,-0.002443,32.44,64.1221697100063
68812,-8.176275,-3.768098,4.373481,-0.007941,0.00336,-0.001985,32.46,64.0898747895193
68822,-8.175079,-3.762714,4.361517,-0.00733,0.004734,-0.001374,32.46,64.1431710863481
68832,-8.191828,-3.762714,4.360321,-0.008399,0.004887,-0.000305,32.48,64.1873022153446
68842,-8.196015,-3.758526,4.359125,-0.008858,0.005498,0.000611,32.48,64.1985894872299
68852,-8.187043,-3.756134,4.355535,-0.008399,0.006109,0.000611,32.52,64.1942861910368
68862,-8.193623,-3.761517,4.364508,-0.008552,0.007178,0.001374,32.52,64.1685607772228
68872,-8.201998,-3.754937,4.360321,-0.009316,0.008552,0.002443,32.47,64.2022492051818
68882,-8.2014,-3.75075,4.36391,-0.009774,0.009163,0.002596,32.47,64.1780805581784
68892,-8.200203,-3.750151,4.359125,-0.01069,0.009163,0.003054,32.47,64.1993878516335
68902,-8.195418,-3.755535,4.364508,-0.010996,0.009316,0.003207,32.5,64.1664113315298
68912,-8.199606,-3.765106,4.360321,-0.011301,0.009316,0.003818,32.5,64.2073845450128
68922,-8.192427,-3.762714,4.360321,-0.012065,0.010232,0.00336,32.48,64.1886582849758
68932,-8.206783,-3.761517,4.362116,-0.012217,0.010079,0.004123,32.48,64.2106478152237
68942,-8.194819,-3.745365,4.357928,-0.012065,0.010232,0.002749,32.46,64.188398861869
68952,-8.212168,-3.754937,4.35733,-0.013286,0.009927,0.002443,32.46,64.2406374983609
68962,-8.204391,-3.746562,4.359125,-0.01405,0.009774,0.001222,32.46,64.2051566398547
68972,-8.209774,-3.757928,4.363312,-0.014355,0.00901,0.000611,32.46,64.2075393902941
68982,-8.205587,-3.763312,4.351348,-0.014813,0.009163,-0.000458,32.46,64.2652369263798
69002,-8.209774,-3.759723,4.35733,-0.015272,0.008094,-0.002291,32.5,64.2401769496039
69012,-8.215158,-3.761517,4.346562,-0.015424,0.007941,-0.003207,32.5,64.3096072633804
69022,-8.212766,-3.756732,4.349553,-0.015577,0.006567,-0.004429,32.46,64.2838776491602
69032,-8.219944,-3.745365,4.351946,-0.016341,0.005803,-0.006414,32.46,64.2760430327393
69042,-8.218149,-3.756732,4.354938,-0.016341,0.003207,-0.007483,32.5,64.268298500227
69052,-8.219346,-3.760321,4.345964,-0.016341,0.001985,-0.008858,32.5,64.3208842519749
69062,-8.216953,-3.749553,4.358526,-0.016493,0.000458,-0.010079,32.5,64.2397360108385
69072,-8.217552,-3.753741,4.349553,-0.017562,-0.000305,-0.010843,32.46,64.2915871884613
69082,-8.209177,-3.761517,4.347759,-0.017562,-0.001527,-0.011606,32.46,64.2899640289921
69092,-8.216354,-3.746562,4.353143,-0.018631,-0.00336,-0.012675,32.52,64.2630076380818
69102,-8.21157,-3.751348,4.343571,-0.018479,-0.004734,-0.012675,32.52,64.3064464317512
69112,-8.212766,-3.746562,4.349553,-0.018479,-0.006109,-0.013134,32.45,64.273393175063
69122,-8.213365,-3.751946,4.360321,-0.018021,-0.006872,-0.012675,32.45,64.2248616154651
69132,-8.208578,-3.754339,4.351348,-0.018937,-0.007941,-0.013744,32.46,64.2627119354447
69142,-8.194819,-3.749553,4.345964,-0.018326,-0.008705,-0.013134,32.46,64.25441999762
69152,-8.196015,-3.760919,4.357928,-0.017868,-0.009621,-0.01237,32.5,64.2072388785527
69162,-8.195418,-3.76391,4.361517,-0.018631,-0.010843,-0.012217,32.5,64.1905120906014
69172,-8.193025,-3.750151,4.352544,-0.018631,-0.010385,-0.010843,32.49,64.2170462523464
69182,-8.190632,-3.752544,4.351946,-0.018326,-0.011148,-0.010996,32.49,64.2171921834526
69192,-8.196614,-3.756134,4.354938,-0.017715,-0.012065,-0.009468,32.5,64.2190333454932
69202,-8.18764,-3.762115,4.347161,-0.017562,-0.011912,-0.009468,32.5,64.2450362565526
69212,-8.185248,-3.75075,4.356732,-0.016799,-0.011454,-0.008552,32.47,64.1784489237047
69222,-8.176275,-3.75733,4.362116,-0.015577,-0.010996,-0.005803,32.48,64.1371764119529
69232,-8.182856,-3.754937,4.365107,-0.015119,-0.01069,-0.004887,32.48,64.134208948054
69242,-8.182258,-3.762714,4.362714,-0.014508,-0.010385,-0.002749,32.45,64.1532892216711
69252,-8.185846,-3.755535,4.35733,-0.014355,-0.009927,-0.002902,32.45,64.181696813619
69262,-8.184649,-3.75733,4.357928,-0.013592,-0.00901,-0.000916,32.44,64.1777680110103
69272,-8.186445,-3.752544,4.359125,-0.012828,-0.007789,-0.000458,32.44,64.1706919351865
69282,-8.176275,-3.752544,4.360919,-0.012065,-0.00672,-0.000458,32.48,64.1383559049971
69292,-8.187043,-3.761517,4.368098,-0.011454,-0.005651,0.000153,32.48,64.1351617083569
69302,-8.193623,-3.765106,4.362714,-0.011454,-0.004276,0.001527,32.49,64.1815299562911
69312,-8.190632,-3.757928,4.371089,-0.011148,-0.003054,0.001985,32.49,64.1241680469792
69322,-8.184052,-3.765705,4.373481,-0.010996,-0.002443,0.003054,32.52,64.1050326126996
69332,-8.196614,-3.766901,4.366303,-0.010996,-0.001069,0.003512,32.52,64.1716928449008
69342,-8.179267,-3.754339,4.369893,-0.010537,0.001069,0.003818,32.47,64.1007727020321
69352,-8.189436,-3.752544,4.362714,-0.010385,0.001374,0.004429,32.47,64.1589811190848
69362,-8.182258,-3.756732,4.365107,-0.01069,0.002902,0.004123,32.45,64.1347218650487
69372,-8.185846,-3.762714,4.361517,-0.010996,0.003818,0.003512,32.45,64.1675909782688
69384,-8.191828,-3.748357,4.360321,-0.011606,0.006109,0.003971,32.47,64.172387801271
69392,-8.192427,-3.758526,4.368696,-0.011912,0.006109,0.004123,32.47,64.1411795372369
69402,-8.19123,-3.766901,4.365705,-0.012217,0.005956,0.003054,32.49,64.1625813836232
69412,-8.19123,-3.760321,4.358526,-0.012981,0.006414,0.00336,32.53,64.1927071883142
69422,-8.206185,-3.765705,4.355535,-0.012981,0.007483,0.003512,32.53,64.2475048586133
69432,-8.196614,-3.76391,4.356134,-0.013897,0.007636,0.003512,32.47,64.2209392620009
69442,-8.193623,-3.760321,4.361517,-0.013897,0.007636,0.003665,32.47,64.1827189235637
69452,-8.194221,-3.753142,4.35733,-0.013897,0.007789,0.003054,32.46,64.1981881221186
69462,-8.206783,-3.75733,4.354938,-0.01405,0.007941,0.001985,32.46,64.2432610048728
69472,-8.203793,-3.757928,4.357928,-0.015272,0.007178,0.001833,32.5,64.2217277741683
69482,-8.203793,-3.767499,4.354339,-0.014966,0.006872,0.001985,32.5,64.250122400593
69492,-8.207382,-3.755535,4.362116,-0.015424,0.00672,0.000916,32.48,64.2058085059891
69502,-8.197212,-3.747759,4.351946,-0.01573,0.006109,0.001222,32.48,64.2271314385848
69512,-8.213962,-3.760321,4.353143,-0.016035,0.005192,0.000153,32.49,64.2717960923452
69522,-8.208578,-3.748357,4.353741,-0.016646,0.004123,-0.000611,32.49,64.2442105338443
69532,-8.210373,-3.748955,4.348357,-0.017257,0.00336,-0.000764,32.45,64.2766172504046
69542,-8.203793,-3.748357,4.355535,-0.017715,0.003054,-0.002596,32.45,64.2241488891361
69552,-8.20798,-3.75075,4.361517,-0.017562,0.001527,-0.002443,32.48,64.2052945425842
69562,-8.210373,-3.751348,4.355535,-0.018021,-0.000764,-0.004123,32.48,64.2421165773471
69572,-8.201998,-3.754339,4.357928,-0.019395,-0.001222,-0.004887,32.47,64.2139519467234
69582,-8.210373,-3.754937,4.354938,-0.019548,-0.002138,-0.005956,32.52,64.2488963623727
69592,-8.213365,-3.762714,4.350152,-0.01909,-0.002749,-0.005651,32.52,64.288317877948
69602,-8.204989,-3.757928,4.352544,-0.019242,-0.003665,-0.00733,32.45,64.252156309487
69612,-8.207382,-3.74058,4.354339,-0.020617,-0.004734,-0.00901,32.45,64.230400775808
69622,-8.213962,-3.747759,4.353741,-0.020922,-0.005345,-0.008705,32.48,64.2557595170457
69632,-8.200802,-3.754937,4.354938,-0.02138,-0.006567,-0.008705,32.48,64.2272663522504
69642,-8.203793,-3.753741,4.349553,-0.020922,-0.006872,-0.009163,32.46,64.2605344449588
69652,-8.196614,-3.754937,4.355535,-0.02138,-0.007178,-0.009468,32.46,64.2147162561169
69662,-8.197212,-3.758526,4.356134,-0.021228,-0.007483,-0.009927,32.47,64.216704793141
69672,-8.206783,-3.767499,4.360321,-0.020464,-0.008247,-0.009774,32.47,64.2260822164556
69682,-8.191828,-3.75733,4.354339,-0.020617,-0.009163,-0.009621,32.46,64.2125302834352
69692,-8.197212,-3.761517,4.348357,-0.020464,-0.008705,-0.009774,32.46,64.2598812517995
69702,-8.188837,-3.759723,4.363312,-0.020006,-0.008705,-0.009468,32.49,64.162008867864
69712,-8.195418,-3.762115,4.347161,-0.020464,-0.009468,-0.008552,32.49,64.2626145017071
69722,-8.187043,-3.75075,4.352544,-0.019853,-0.009468,-0.009468,32.48,64.2041159109583
69732,-8.18764,-3.765106,4.351348,-0.018937,-0.008552,-0.007483,32.48,64.2265533738855
69742,-8.189436,-3.754937,4.35075,-0.018631,-0.008399,-0.007025,32.48,64.2231349697694
69752,-8.183454,-3.765106,4.362714,-0.017715,-0.007789,-0.007025,32.5,64.1584955694099
69762,-8.190632,-3.752544,4.366901,-0.017715,-0.006567,-0.005651,32.5,64.1401280041349
69772,-8.199007,-3.756134,4.354339,-0.016952,-0.006109,-0.004581,32.52,64.2275326548772
69782,-8.180463,-3.754937,4.35733,-0.016646,-0.00504,-0.003818,32.52,64.1688665048407
69792,-8.196614,-3.754937,4.362714,-0.016341,-0.004734,-0.002596,32.48,64.1777377896793
69802,-8.191828,-3.756732,4.360919,-0.01573,-0.003818,-0.001833,32.48,64.178003573153
69812,-8.184649,-3.752544,4.36391,-0.014813,-0.003512,-0.001222,32.5,64.1419556670778
69822,-8.190632,-3.756134,4.351946,-0.014966,-0.001985,-0.000458,32.5,64.2209176487427
69832,-8.184052,-3.762115,4.362116,-0.014661,-0.001222,0.000153,32.48,64.1598139904916
69842,-8.187043,-3.76391,4.362116,-0.01405,-0.001374,0.001527,32.48,64.1684633923034
69852,-8.190034,-3.772883,4.358526,-0.01405,-0.000458,0.00168,32.46,64.2030723783265
69862,-8.197212,-3.75733,4.355535,-0.013897,-0.000153,0.00168,32.46,64.2185503906968
69872,-8.186445,-3.762115,4.360321,-0.013592,0.000305,0.00168,32.44,64.1744867549627
69882,-8.194819,-3.761517,4.362714,-0.013897,0.001374,0.002749,32.44,64.1805060319863
69892,-8.2014,-3.756134,4.356134,-0.014661,0.001527,0.001833,32.5,64.2236976845468
69902,-8.188239,-3.763312,4.358526,-0.014203,0.00168,0.002291,32.5,64.1890454668575
69912,-8.192427,-3.763312,4.360321,-0.013286,0.002596,0.003818,32.48,64.1892800771443
69922,-8.192427,-3.754937,4.354938,-0.012675,0.00336,0.003512,32.48,64.208315053045
69932,-8.204391,-3.760919,4.355535,-0.012981,0.003054,0.00336,32.48,64.2384977204052
69942,-8.204391,-3.763312,4.356732,-0.013439,0.003665,0.003512,32.49,64.234813295345
69952,-8.183454,-3.760321,4.348357,-0.013592,0.003818,0.002902,32.49,64.2275313179225
69962,-8.206783,-3.760919,4.361517,-0.013592,0.003665,0.003818,32.48,64.2131105669842
69972,-8.201998,-3.760321,4.361517,-0.013439,0.004123,0.00336,32.48,64.2016724126398
69982,-8.20798,-3.764508,4.356732,-0.014203,0.004429,0.002443,32.47,64.2441554522947
69992,-8.2014,-3.767499,4.357928,-0.015424,0.003665,0.001222,32.47,64.2262414708954
70002,-8.201998,-3.748955,4.356732,-0.014661,0.004123,0.001527,32.5,64.2145394177275
70012,-8.2014,-3.754339,4.360919,-0.014813,0.00336,0.000153,32.5,64.1971974180403
70022,-8.208578,-3.756732,4.353143,-0.014813,0.003818,0.000153,32.47,64.2559396820932
70032,-8.220542,-3.761517,4.354938,-0.015577,0.002749,-0.001069,32.47,64.2786268222039
70042,-8.213962,-3.748955,4.351348,-0.016646,0.00336,-0.001069,32.49,64.2693141606553
70052,-8.200203,-3.747759,4.354339,-0.017104,0.002596,-0.00168,32.49,64.2215682374413
70062,-8.216354,-3.751348,4.349553,-0.017104,0.002596,-0.002902,32.48,64.2864208546331
70072,-8.202596,-3.761517,4.356134,-0.017562,0.001985,-0.002902,32.48,64.2319774820044
70082,-8.206783,-3.748955,4.353143,-0.017562,0.001527,-0.004887,32.48,64.2438505005323
70092,-8.218149,-3.755535,4.347759,-0.018173,0.000764,-0.00504,32.47,64.3040173385467
70102,-8.203195,-3.765705,4.356134,-0.018021,-0.000916,-0.005345,32.47,64.2376709062007
70112,-8.205587,-3.761517,4.354339,-0.018479,-0.001833,-0.005498,32.46,64.2479762955069
70122,-8.206185,-3.758526,4.358526,-0.018021,-0.002443,-0.005345,32.46,64.2246749622578
70132,-8.198408,-3.760321,4.347759,-0.017868,-0.003207,-0.006414,32.5,64.2644257128892
70142,-8.206185,-3.753741,4.354339,-0.018479,-0.004734,-0.007483,32.5,64.241283599469
70152,-8.219346,-3.766303,4.354339,-0.018326,-0.00504,-0.007025,32.5,64.2839508031742
70162,-8.205587,-3.756732,4.351348,-0.017562,-0.005651,-0.00672,32.5,64.2584305519281
70172,-8.198408,-3.756732,4.350152,-0.017562,-0.006261,-0.00672,32.48,64.2483738821008
70182,-8.190632,-3.75733,4.362116,-0.018326,-0.00733,-0.007483,32.48,64.1697487666582
70192,-8.190034,-3.751348,4.353741,-0.01741,-0.00733,-0.00733,32.47,64.2053413593077
70202,-8.206783,-3.760321,4.345964,-0.017257,-0.00733,-0.007178,32.47,64.2925775341919
70212,-8.199606,-3.760919,4.350152,-0.018326,-0.008094,-0.006872,32.51,64.2554178045883
70222,-8.199007,-3.74716,4.350152,-0.017257,-0.008094,-0.006567,32.51,64.2398224760706
70232,-8.19781,-3.762714,4.35075,-0.016952,-0.00901,-0.006567,32.45,64.2501397580175
70242,-8.199007,-3.747759,4.359125,-0.016799,-0.008552,-0.00672,32.45,64.1942020963833
70252,-8.192427,-3.757928,4.361517,-0.016646,-0.008247,-0.006414,32.43,64.1775231771815
70262,-8.196015,-3.745365,4.35733,-0.016188,-0.007789,-0.006567,32.51,64.1941915875827
70272,-8.195418,-3.751348,4.361517,-0.015577,-0.00733,-0.005651,32.51,64.177468562494
70282,-8.191828,-3.759125,4.363312,-0.015882,-0.005956,-0.004429,32.46,64.1681653973882
70292,-8.192427,-3.761517,4.360321,-0.014966,-0.005651,-0.004123,32.46,64.1874138221964
70302,-8.175676,-3.759125,4.360321,-0.015119,-0.00504,-0.004734,32.47,64.1469450983099
70312,-8.18764,-3.761517,4.366303,-0.014813,-0.003818,-0.004123,32.47,64.1457587125737
70322,-8.188239,-3.752544,4.37408,-0.014966,-0.003665,-0.003207,32.46,64.097732902042
70332,-8.185846,-3.759723,4.354938,-0.014813,-0.002902,-0.002902,32.46,64.1983845974777
70342,-8.17807,-3.753741,4.354938,-0.014355,-0.001222,-0.001527,32.52,64.1745290274239
70352,-8.189436,-3.758526,4.366901,-0.013897,0.000764,0,32.52,64.1436377105193
70362,-8.176275,-3.75733,4.361517,-0.013897,0.000764,-0.000153,32.48,64.1402648078977
70372,-8.168499,-3.751348,4.369893,-0.013592,0.001069,-0.001222,32.48,64.0731443359973
70382,-8.181659,-3.757928,4.358526,-0.013439,0.001527,-0.000153,32.48,64.1685279733219
70392,-8.188239,-3.76391,4.362116,-0.013439,0.002749,0.000305,32.48,64.1711730290675
70402,-8.19123,-3.768696,4.365107,-0.012981,0.00336,0.00168,32.46,64.1675294991016
70412,-8.190632,-3.752544,4.359125,-0.012828,0.003665,0.000916,32.46,64.1801857667032
70422,-8.200203,-3.762115,4.361517,-0.012981,0.005192,0.001985,32.49,64.1994734252289
70432,-8.188837,-3.762714,4.355535,-0.012217,0.005651,0.001985,32.49,64.2051905699787
70442,-8.196614,-3.763312,4.368098,-0.01237,0.005345,0.002291,32.49,64.158723681604
70452,-8.185846,-3.754339,4.357928,-0.012828,0.005956,0.002291,32.55,64.1773702656862
70462,-8.194221,-3.762115,4.353741,-0.012217,0.006567,0.003054,32.55,64.2259938522252
70472,-8.195418,-3.761517,4.346562,-0.01237,0.005803,0.002443,32.48,64.2650828117977
70482,-8.196015,-3.762115,4.354339,-0.012981,0.006872,0.003207,32.48,64.2269689376545
70492,-8.199606,-3.754339,4.357928,-0.012675,0.006261,0.003207,32.49,64.2085397552373
70502,-8.199007,-3.76391,4.353741,-0.013134,0.005956,0.002596,32.49,64.2386739731182
70512,-8.212168,-3.757928,4.349553,-0.012523,0.005345,0.003054,32.47,64.2837630512859
70522,-8.208578,-3.756732,4.344768,-0.01405,0.004581,0.00168,32.47,64.2990821345911
70532,-8.208578,-3.768098,4.356732,-0.015119,0.004887,0.000916,32.5,64.2492219798551
70542,-8.2014,-3.762714,4.347759,-0.013897,0.004734,0.001222,32.5,64.2736589426984
70552,-8.213365,-3.757928,4.349553,-0.014661,0.003971,0.000916,32.46,64.2864623934612
70562,-8.205587,-3.752544,4.359125,-0.014813,0.002596,0,32.46,64.214049383434
70572,-8.206783,-3.753142,4.355535,-0.014661,0.002291,-0.000458,32.46,64.2358567391926
70582,-8.210373,-3.755535,4.353143,-0.016341,0.002138,-0.000458,32.46,64.2587558966142
70592,-8.214561,-3.754937,4.35733,-0.016341,0.000611,-0.002291,32.48,64.2460414281187
70602,-8.216354,-3.755535,4.356732,-0.016493,-0.001374,-0.004429,32.48,64.2537830834681
70612,-8.202596,-3.752544,4.356732,-0.017562,-0.002443,-0.003818,32.48,64.2196060900677
70622,-8.212168,-3.746562,4.348955,-0.018173,-0.00336,-0.005803,32.53,64.2751233467654
70632,-8.206185,-3.751946,4.350152,-0.018173,-0.004429,-0.006109,32.53,64.260996982683
70642,-8.212766,-3.759723,4.353143,-0.018021,-0.00504,-0.006567,32.49,64.2684810675529
70652,-8.213962,-3.756134,4.353741,-0.018479,-0.005651,-0.007941,32.49,64.2643963136264
70662,-8.214561,-3.762115,4.346562,-0.018937,-0.007025,-0.008247,32.46,64.3088793829303
70672,-8.195418,-3.755535,4.355535,-0.018631,-0.007483,-0.008858,32.46,64.2126296148867
70682,-8.209774,-3.748955,4.35733,-0.018784,-0.008858,-0.009774,32.47,64.2290504774901
70692,-8.202596,-3.746562,4.356134,-0.018784,-0.009316,-0.010537,32.47,64.2164986108765
70702,-8.190632,-3.748955,4.35733,-0.018937,-0.00901,-0.011148,32.46,64.1857111468555
70712,-8.205587,-3.754339,4.35075,-0.018784,-0.009163,-0.01237,32.46,64.25903756639
70722,-8.192427,-3.754937,4.359125,-0.018784,-0.008552,-0.01237,32.48,64.1867385607207
70732,-8.196015,-3.754339,4.35733,-0.018326,-0.009316,-0.01237,32.48,64.2034920398959
70742,-8.195418,-3.753142,4.360919,-0.018021,-0.009468,-0.012217,32.46,64.1824099548962
70752,-8.200203,-3.758526,4.351946,-0.017562,-0.009621,-0.01237,32.46,64.245043664249
70762,-8.188837,-3.75733,4.353143,-0.018479,-0.009621,-0.012523,32.48,64.2119245798293
70772,-8.17807,-3.777669,4.350152,-0.01741,-0.009621,-0.011912,32.48,64.2241730250874
70782,-8.187043,-3.757928,4.354339,-0.016341,-0.008858,-0.011606,32.49,64.202317248986
70792,-8.185248,-3.771687,4.363312,-0.016493,-0.008247,-0.010843,32.48,64.1663452399103
70802,-8.187043,-3.750151,4.362116,-0.015577,-0.007025,-0.010079,32.48,64.1541453465385
70812,-8.179864,-3.75733,4.35733,-0.014966,-0.006261,-0.008858,32.51,64.1700003640295
70822,-8.192427,-3.757928,4.360919,-0.014203,-0.005192,-0.008094,32.51,64.1806034105515
70832,-8.176873,-3.756134,4.362714,-0.014661,-0.003512,-0.005651,32.48,64.1342034853476
70842,-8.181061,-3.759723,4.365107,-0.013744,-0.003054,-0.00504,32.48,64.1351234561084
70852,-8.170293,-3.760321,4.348955,-0.012828,-0.002291,-0.003971,32.51,64.1946261338899
70862,-8.18764,-3.762714,4.369295,-0.012981,-0.000611,-0.002596,32.51,64.1316006747202
70872,-8.200203,-3.766901,4.363312,-0.012828,0.000305,-0.001985,32.51,64.1952035393761
70882,-8.184649,-3.759723,4.353741,-0.012065,0.001222,-0.000611,32.51,64.2018451612816
70892,-8.176873,-3.759125,4.362714,-0.011606,0.002291,0.001222,32.49,64.1373249323132
70902,-8.188837,-3.761517,4.360919,-0.011148,0.003512,0.002902,32.49,64.1762027832177
70912,-8.186445,-3.758526,4.354339,-0.010079,0.004887,0.003818,32.5,64.2015845894756
70922,-8.187043,-3.760919,4.358526,-0.010385,0.005803,0.004276,32.5,64.1838462262967
70932,-8.179864,-3.757928,4.356134,-0.010537,0.007025,0.00504,32.52,64.1767911963307
70942,-8.188837,-3.760919,4.351946,-0.009774,0.008094,0.006109,32.52,64.2218251244475
70952,-8.199007,-3.760919,4.351946,-0.010079,0.00901,0.00672,32.5,64.2448205284196
70962,-8.197212,-3.771687,4.358526,-0.008858,0.009468,0.007025,32.48,64.2180515675211
70972,-8.196614,-3.754937,4.356134,-0.009163,0.009468,0.007025,32.48,64.2116299716416
70982,-8.204989,-3.756732,4.347161,-0.009468,0.009927,0.005803,32.45,64.2786529811678
70992,-8.201998,-3.762714,4.354938,-0.009621,0.010079,0.006261,32.45,64.238025791289
71002,-8.209177,-3.755535,4.35733,-0.009621,0.010079,0.005803,32.49,64.2344986483435
71012,-8.200802,-3.760919,4.358526,-0.009927,0.009621,0.004429,32.49,64.2149859544713
71022,-8.2014,-3.764508,4.358526,-0.009774,0.00901,0.004429,32.48,64.2200598283562
71032,-8.196614,-3.756732,4.362116,-0.010385,0.008399,0.004581,32.48,64.1826800515348
71042,-8.221739,-3.762714,4.35075,-0.011301,0.007941,0.003512,32.47,64.3041028197353
71052,-8.213962,-3.760919,4.349553,-0.010843,0.007636,0.001985,32.47,64.2908945129679
71062,-8.209774,-3.754339,4.351348,-0.011912,0.006414,0.000764,32.48,64.2654122668075
71072,-8.213962,-3.748955,4.358526,-0.011912,0.005956,0,32.48,64.2323612618872
71082,-8.209774,-3.753741,4.353143,-0.013134,0.004887,-0.001527,32.47,64.2555507984875
71092,-8.219346,-3.754937,4.350152,-0.012981,0.003818,-0.002291,32.47,64.2937794295219
71102,-8.217552,-3.754937,4.345964,-0.013897,0.003054,-0.003665,32.47,64.3112996988424
71112,-8.208578,-3.757928,4.353143,-0.014508,0.001833,-0.003207,32.47,64.257175686385
71122,-8.209774,-3.742973,4.354938,-0.01405,0,-0.005651,32.49,64.2351951487921
71132,-8.21157,-3.75733,4.357928,-0.014966,-0.001069,-0.005651,32.5,64.2386813757196
71142,-8.199606,-3.753142,4.354339,-0.015577,-0.002291,-0.005345,32.5,64.2257885304998
71152,-8.215158,-3.744768,4.349553,-0.016188,-0.003207,-0.00672,32.49,64.2769471455017
71162,-8.219944,-3.754937,4.359125,-0.017257,-0.004887,-0.006872,32.49,64.2489576030079
71172,-8.215756,-3.749553,4.344768,-0.016799,-0.006261,-0.00672,32.5,64.3078700992791
71182,-8.209774,-3.759125,4.352544,-0.016341,-0.007025,-0.006567,32.5,64.2641965703748
71192,-8.201998,-3.748357,4.349553,-0.016646,-0.00733,-0.007636,32.47,64.2509129905029
71202,-8.21157,-3.754339,4.354339,-0.017715,-0.008705,-0.009163,32.47,64.2540657875955
71212,-8.203793,-3.755535,4.354938,-0.017562,-0.00901,-0.009163,32.52,64.2346477923545
71222,-8.196614,-3.753741,4.355535,-0.017715,-0.009774,-0.008399,32.52,64.2134764527507
71232,-8.193025,-3.752544,4.354938,-0.017868,-0.010843,-0.009774,32.51,64.2071864104855
71242,-8.209774,-3.75075,4.358526,-0.018479,-0.010996,-0.009927,32.51,64.224747218102
71252,-8.193025,-3.753142,4.347759,-0.017104,-0.01069,-0.00901,32.46,64.2448204134813
71262,-8.209774,-3.761517,4.360321,-0.01741,-0.010996,-0.009468,32.46,64.2266411573898
71272,-8.198408,-3.753741,4.362714,-0.017715,-0.012065,-0.010232,32.54,64.1805608258325
71282,-8.201998,-3.751348,4.358526,-0.017715,-0.011454,-0.009927,32.54,64.2077756578165
71292,-8.203793,-3.742374,4.362116,-0.016952,-0.011148,-0.009316,32.47,64.1840705698051
71302,-8.187043,-3.753741,4.356134,-0.016646,-0.010385,-0.009468,32.5,64.188710803256
71312,-8.183454,-3.75733,4.366303,-0.01573,-0.010385,-0.009316,32.5,64.1318983933565
71322,-8.187043,-3.75733,4.362116,-0.015424,-0.009468,-0.008858,32.5,64.1616124783597
71332,-8.181061,-3.760919,4.365107,-0.014966,-0.008552,-0.009774,32.5,64.1363711448255
71342,-8.184052,-3.761517,4.366901,-0.014508,-0.007789,-0.008552,32.47,64.1345404421139
71352,-8.176275,-3.764508,4.368098,-0.014813,-0.007483,-0.008705,32.47,64.1138440794514
71362,-8.195418,-3.760919,4.362116,-0.014355,-0.005956,-0.008094,32.52,64.18431990436
71372,-8.2014,-3.757928,4.357928,-0.014203,-0.004123,-0.006109,32.52,64.2163170527569
71385,-8.188239,-3.760919,4.359125,-0.013744,-0.001985,-0.005956,32.48,64.1834688924834
71392,-8.176275,-3.753142,4.356134,-0.013286,-0.001374,-0.005956,32.48,64.1636606215783
71402,-8.181061,-3.764508,4.369893,-0.013897,-0.000153,-0.006261,32.46,64.1154650082458
71412,-8.181659,-3.763312,4.367499,-0.013439,0.001374,-0.005651,32.46,64.1279030469476
71422,-8.188837,-3.752544,4.367499,-0.012828,0.00336,-0.004581,32.45,64.1329743212413
71432,-8.181659,-3.753741,4.357928,-0.012675,0.00336,-0.004123,32.45,64.1672511069307
71442,-8.184649,-3.766901,4.370491,-0.012675,0.004581,-0.002902,32.47,64.1230269931685
71452,-8.188837,-3.765705,4.355535,-0.012523,0.006261,-0.001985,32.47,64.2083019364436
71462,-8.193623,-3.763312,4.362116,-0.012523,0.007483,-0.000916,32.48,64.1827434177615
71472,-8.19123,-3.76391,4.362714,-0.011759,0.009163,0.000458,32.46,64.1748677574297
71482,-8.187043,-3.760321,4.353143,-0.011912,0.009621,0.001222,32.46,64.2109716079234
71492,-8.190034,-3.760919,4.352544,-0.012065,0.010385,0.001527,32.48,64.2214505565238
71502,-8.188239,-3.762714,4.356732,-0.011606,0.010843,0.003054,32.48,64.1976678829224
71512,-8.187043,-3.76391,4.355535,-0.011148,0.010996,0.002749,32.46,64.2023740646127
71522,-8.188239,-3.769294,4.348357,-0.011759,0.010537,0.002902,32.46,64.2476851646202
71532,-8.203793,-3.754339,4.359125,-0.011148,0.010537,0.002902,32.46,64.2118488355929
71542,-8.199007,-3.760919,4.355535,-0.011454,0.010996,0.002443,32.46,64.2263311726967
71552,-8.19781,-3.762115,4.35075,-0.011301,0.010843,0.002902,32.49,64.2495187140046
71562,-8.204391,-3.77408,4.347161,-0.011301,0.010079,0.002902,32.49,64.2952568490987
71572,-8.200802,-3.754339,4.357928,-0.010385,0.009774,0.00336,32.5,64.2112460813092
71582,-8.200203,-3.761517,4.355535,-0.011148,0.008552,0.001985,32.5,64.2296545825952
71592,-8.212766,-3.75733,4.344768,-0.011606,0.008247,0.002596,32.51,64.3091406999925
71602,-8.210971,-3.756134,4.353741,-0.011912,0.007483,0.002138,32.51,64.2576455430745
71612,-8.209774,-3.755535,4.353741,-0.012675,0.007025,0.001833,32.49,64.2543243167018
71622,-8.212168,-3.759125,4.351348,-0.012065,0.005956,0.001222,32.49,64.275755760488
71632,-8.218149,-3.754937,4.351946,-0.01237,0.00504,-0.000305,32.46,64.2818464282556
71642,-8.216354,-3.759125,4.348357,-0.01237,0.003818,-0.001374,32.46,64.3005924973658
71652,-8.221739,-3.748955,4.35733,-0.013592,0.002291,-0.002902,32.46,64.2560804274077
71662,-8.20798,-3.758526,4.357928,-0.013439,0.001833,-0.002749,32.48,64.2318090142734
71672,-8.209774,-3.750151,4.356134,-0.01405,-0.000153,-0.003971,32.48,64.2364429796734
71682,-8.213365,-3.756732,4.354938,-0.013592,-0.000611,-0.004887,32.51,64.2575048660037
71692,-8.219944,-3.748955,4.354339,-0.014508,-0.00168,-0.004887,32.51,64.2674192333261
71702,-8.20798,-3.750151,4.344768,-0.015119,-0.003207,-0.006261,32.45,64.2909432603014
71712,-8.20798,-3.748357,4.348955,-0.015272,-0.004429,-0.006414,32.45,64.2675147977689
71722,-8.213962,-3.759723,4.349553,-0.016035,-0.004887,-0.007941,32.48,64.2896603637584
71732,-8.219944,-3.751348,4.354339,-0.016188,-0.007025,-0.008399,32.48,64.2698827058643
71742,-8.205587,-3.756134,4.356134,-0.016799,-0.007636,-0.008552,32.46,64.233163174437
71752,-8.205587,-3.756732,4.350152,-0.016493,-0.008094,-0.00901,32.46,64.2645917503123
71762,-8.194819,-3.75733,4.352544,-0.016341,-0.008858,-0.00901,32.47,64.2285499485134
71772,-8.200802,-3.762115,4.337589,-0.016035,-0.01069,-0.009316,32.47,64.3241241016718
71782,-8.204989,-3.753142,4.345964,-0.016493,-0.01069,-0.009316,32.51,64.2811133073527
71792,-8.2014,-3.756732,4.350152,-0.016646,-0.011759,-0.008705,32.51,64.2551350364228
71802,-8.205587,-3.752544,4.354938,-0.016493,-0.01237,-0.008552,32.5,64.2356095705612
71812,-8.19781,-3.754937,4.353143,-0.016952,-0.01237,-0.00901,32.5,64.2297478206222
71822,-8.184649,-3.753142,4.355535,-0.016341,-0.012828,-0.008552,32.48,64.1857494173649
71832,-8.187043,-3.752544,4.362714,-0.01573,-0.01237,-0.007941,32.49,64.153552099448
71842,-8.184649,-3.756732,4.347759,-0.01573,-0.012065,-0.008552,32.49,64.2295906354175
71852,-8.193623,-3.756732,4.357928,-0.015424,-0.011912,-0.008094,32.52,64.1974783018163
71862,-8.184052,-3.757928,4.365705,-0.014508,-0.010843,-0.00733,32.52,64.1369596282137
71872,-8.184052,-3.753142,4.367499,-0.014203,-0.010537,-0.006261,32.46,64.122731288568
71882,-8.189436,-3.756134,4.360919,-0.013744,-0.009621,-0.006261,32.46,64.1719610613173
71892,-8.183454,-3.754937,4.36391,-0.014355,-0.008552,-0.006109,32.52,64.1417345260758
71902,-8.183454,-3.756134,4.365107,-0.013744,-0.006567,-0.005192,32.52,64.1368137632562
71912,-8.196614,-3.752544,4.367499,-0.012828,-0.005192,-0.004276,32.52,64.1506187947998
71922,-8.185248,-3.765106,4.367499,-0.012828,-0.003665,-0.002749,32.52,64.137917021008
71932,-8.181659,-3.75733,4.361517,-0.012981,-0.002443,-0.002902,32.52,64.1524864783734
71942,-8.179864,-3.747759,4.371089,-0.013744,-0.000153,-0.002291,32.52,64.0891057765445
71952,-8.179267,-3.753741,4.369893,-0.012675,0.001069,-0.001527,32.43,64.1001487057602
71962,-8.194819,-3.76391,4.363312,-0.01237,0.002291,-0.001222,32.43,64.1799146454457
71972,-8.190034,-3.753741,4.366901,-0.01237,0.003818,0.000153,32.47,64.1400157094509
71982,-8.187043,-3.751946,4.371687,-0.012981,0.004734,0.000153,32.47,64.1067118180176
71992,-8.190632,-3.753142,4.369295,-0.013744,0.00733,0.000764,32.48,64.1284228311629
72002,-8.198408,-3.751946,4.360321,-0.013134,0.008399,0.001374,32.45,64.191022731482
72012,-8.194221,-3.754937,4.360919,-0.012523,0.009163,0.002291,32.45,64.1815610085513
72022,-8.188239,-3.766901,4.357928,-0.012523,0.009621,0.001985,32.52,64.1958626115792
72032,-8.196015,-3.759723,4.362116,-0.012065,0.010385,0.002443,32.52,64.1844291562361
72042,-8.198408,-3.751946,4.362116,-0.012217,0.010996,0.001985,32.48,64.1817787559214
72052,-8.191828,-3.757928,4.356732,-0.012217,0.011301,0.002443,32.48,64.2008185202706
72062,-8.200203,-3.765705,4.349553,-0.012675,0.011148,0.002443,32.47,64.2648116373483
72072,-8.205587,-3.753741,4.361517,-0.012675,0.011148,0.002902,32.47,64.2029744776452
72082,-8.200802,-3.754339,4.351348,-0.012828,0.010996,0.002596,32.47,64.2451440441617
72092,-8.204391,-3.75733,4.351348,-0.01237,0.010232,0.002749,32.47,64.2563478922431
72102,-8.205587,-3.754937,4.348955,-0.012675,0.010385,0.001527,32.49,64.2689037489922
72112,-8.204391,-3.757928,4.351348,-0.013134,0.009468,0.001985,32.49,64.256966446386
72122,-8.207382,-3.760919,4.348955,-0.012981,0.008705,0.002138,32.48,64.2791372467041
72132,-8.206783,-3.760919,4.345964,-0.013286,0.007941,0.001069,32.48,64.2931954886342
72142,-8.209177,-3.760919,4.348357,-0.014203,0.006872,-0.000611,32.46,64.2862659999215
72152,-8.206185,-3.757928,4.347161,-0.014508,0.005651,-0.000153,32.46,64.2825880186909
72162,-8.206185,-3.753741,4.351348,-0.015577,0.00336,-0.00168,32.5,64.2566896951671
72172,-8.206185,-3.746562,4.35075,-0.016188,0.002291,-0.002291,32.46,64.2523568356547
72182,-8.212766,-3.751348,4.350152,-0.016188,0.00168,-0.002902,32.46,64.2752401523363
72192,-8.230712,-3.751946,4.351348,-0.016341,0,-0.004581,32.49,64.3101551904576
72202,-8.210971,-3.753142,4.342375,-0.01741,-0.001222,-0.004429,32.49,64.3131082574987
72212,-8.218149,-3.753741,4.345964,-0.017715,-0.002291,-0.005345,32.47,64.3114137265623
72222,-8.216354,-3.751946,4.353143,-0.017868,-0.003512,-0.005956,32.47,64.2685537755893
72232,-8.218747,-3.760919,4.353143,-0.018173,-0.004581,-0.00733,32.5,64.2832002548863
72242,-8.206783,-3.753142,4.353143,-0.018173,-0.005651,-0.008094,32.5,64.2481756466917
72252,-8.218747,-3.763312,4.353143,-0.019242,-0.006414,-0.008094,32.45,64.2856683792183
72262,-8.208578,-3.754339,4.356134,-0.018631,-0.008094,-0.009163,32.45,64.2380661630543
72272,-8.213962,-3.753142,4.35733,-0.018937,-0.008247,-0.009621,32.45,64.2428362988979
72282,-8.209177,-3.763312,4.35733,-0.018937,-0.010079,-0.010232,32.45,64.2425417577008
72292,-8.203793,-3.753741,4.358526,-0.018784,-0.010843,-0.010843,32.48,64.2143140199224
72302,-8.199007,-3.75733,4.353741,-0.019395,-0.011148,-0.011148,32.48,64.2318528315655
72312,-8.2014,-3.755535,4.355535,-0.019853,-0.011759,-0.012065,32.47,64.2261626493578
72322,-8.212766,-3.756732,4.354938,-0.019853,-0.011606,-0.011912,32.47,64.2561528877617
72332,-8.18764,-3.750151,4.351946,-0.018784,-0.012217,-0.011759,32.46,64.2079312924397
72342,-8.190034,-3.758526,4.353741,-0.018631,-0.012065,-0.010843,32.45,64.2127939481002
72352,-8.189436,-3.75733,4.35733,-0.018479,-0.011454,-0.010385,32.45,64.1916983029146
72362,-8.190034,-3.758526,4.362116,-0.018021,-0.011759,-0.010232,32.49,64.1696371585418
72372,-8.185248,-3.768696,4.359723,-0.018021,-0.010537,-0.009774,32.49,64.181713435426
72382,-8.178668,-3.760919,4.362116,-0.017868,-0.010232,-0.008399,32.48,64.1463543763367
72392,-8.19123,-3.760919,4.356732,-0.016646,-0.00901,-0.007178,32.48,64.2025722866761
72402,-8.185248,-3.766303,4.369295,-0.016646,-0.008399,-0.006872,32.47,64.1299186180253
72412,-8.179864,-3.758526,4.362116,-0.017104,-0.007941,-0.005345,32.47,64.1465722911006
72422,-8.181061,-3.759723,4.35075,-0.016646,-0.006567,-0.004123,32.5,64.2091448169793
72432,-8.175079,-3.754937,4.353741,-0.016646,-0.005345,-0.002596,32.5,64.1751638745624
72442,-8.177471,-3.762115,4.368098,-0.016035,-0.004276,-0.00168,32.46,64.1140590416157
72452,-8.17448,-3.753142,4.364508,-0.014966,-0.00336,-0.000764,32.46,64.1163935845914
72462,-8.185846,-3.762115,4.36391,-0.014203,-0.002443,0.000916,32.46,64.154638937726
72472,-8.18764,-3.762115,4.357928,-0.014203,-0.001069,0.002443,32.46,64.1895247956761
72482,-8.188239,-3.753741,4.36391,-0.013286,-0.000153,0.003665,32.52,64.1513486540009
72492,-8.186445,-3.751348,4.360321,-0.013439,0.000611,0.003971,32.52,64.1632838493347
72502,-8.176873,-3.763312,4.356732,-0.012523,0.001374,0.004887,32.46,64.1725386863156
72512,-8.196614,-3.766303,4.355535,-0.01237,0.002749,0.004581,32.47,64.2265092638198
72522,-8.193025,-3.756732,4.358526,-0.011912,0.003665,0.006261,32.47,64.193043180469
72532,-8.198408,-3.766303,4.363312,-0.011454,0.00504,0.006567,32.44,64.1905229360535
72542,-8.206185,-3.751348,4.36391,-0.011301,0.00504,0.00672,32.44,64.189535298614
72552,-8.190632,-3.751946,4.358526,-0.010843,0.005956,0.006872,32.48,64.182651658344
72562,-8.19123,-3.762115,4.367499,-0.011454,0.007178,0.007789,32.48,64.1483625528522
72572,-8.194221,-3.760919,4.367499,-0.010996,0.007789,0.00672,32.47,64.1538966794383
72582,-8.203793,-3.75075,4.362714,-0.010996,0.007636,0.005956,32.47,64.1896568259837
72592,-8.196614,-3.76391,4.369295,-0.011454,0.00733,0.005803,32.48,64.1531865899586
72602,-8.194819,-3.758526,4.365705,-0.011759,0.007636,0.004429,32.48,64.1619985421254
72612,-8.21157,-3.756134,4.362714,-0.011912,0.008094,0.004581,32.5,64.212819781867
72622,-8.194221,-3.750151,4.355535,-0.011912,0.008094,0.003818,32.5,64.2043367603329
72632,-8.198408,-3.752544,4.359125,-0.012828,0.007789,0.003512,32.49,64.1978024858417
72642,-8.206185,-3.752544,4.360919,-0.012675,0.007483,0.002138,32.49,64.2061668473395
72652,-8.203793,-3.754937,4.356732,-0.013439,0.007178,0.000611,32.48,64.2247898002557
72662,-8.19781,-3.74716,4.354339,-0.013592,0.006872,0.000153,32.48,64.2155308471975
72672,-8.203793,-3.744768,4.354938,-0.014203,0.005803,-0.000764,32.47,64.2235153547796
72682,-8.213962,-3.753741,4.351348,-0.015577,0.004887,-0.002749,32.47,64.2742476474691
72692,-8.223534,-3.753741,4.354339,-0.016035,0.003512,-0.003512,32.48,64.2804421095776
72702,-8.219346,-3.749553,4.35733,-0.015882,0.002902,-0.003512,32.47,64.2512940131512
72712,-8.214561,-3.756732,4.349553,-0.016493,0.00168,-0.004887,32.47,64.287925602894
72722,-8.216953,-3.753142,4.351946,-0.016799,0.000916,-0.005651,32.46,64.2772995415645
72732,-8.226524,-3.758526,4.354938,-0.016799,-0.000153,-0.00672,32.46,64.2890222408841
72742,-8.203195,-3.766901,4.346562,-0.01741,-0.00168,-0.007636,32.49,64.2882114213413
72752,-8.204391,-3.754339,4.351348,-0.017104,-0.002138,-0.007636,32.49,64.2532548931802
72762,-8.207382,-3.759723,4.34417,-0.017868,-0.003818,-0.007178,32.5,64.302555048154
72772,-8.214561,-3.759125,4.349553,-0.017715,-0.004429,-0.00672,32.5,64.2903936852649
72782,-8.202596,-3.763312,4.352544,-0.017562,-0.004734,-0.007941,32.51,64.252325734771
72792,-8.2014,-3.751946,4.345964,-0.018326,-0.006109,-0.008399,32.51,64.2717720088425
72802,-8.204989,-3.765705,4.348357,-0.01909,-0.007789,-0.009621,32.47,64.281770753172
72812,-8.200802,-3.762115,4.351946,-0.019242,-0.007789,-0.00901,32.47,64.2501148381721
72822,-8.203793,-3.763312,4.35075,-0.01909,-0.008858,-0.009316,32.46,64.2642685235924
72832,-8.214561,-3.752544,4.352544,-0.018937,-0.009774,-0.008858,32.46,64.2682073428748
72842,-8.205587,-3.766303,4.351946,-0.020311,-0.009927,-0.009163,32.44,64.2652534581489
72852,-8.193623,-3.748955,4.356732,-0.020159,-0.009774,-0.009774,32.44,64.195572769737
72862,-8.186445,-3.759723,4.356732,-0.01909,-0.010385,-0.009468,32.46,64.1904932575795
72872,-8.19781,-3.764508,4.353741,-0.01909,-0.009774,-0.008705,32.46,64.2365898818018
72882,-8.201998,-3.759125,4.354339,-0.018326,-0.009774,-0.008399,32.46,64.237392596728
72892,-8.201998,-3.765705,4.354938,-0.018631,-0.009621,-0.008858,32.48,64.2411260945884
72902,-8.193025,-3.759125,4.363312,-0.018326,-0.009163,-0.00901,32.48,64.1708774912896
72912,-8.187043,-3.756732,4.351348,-0.018173,-0.008858,-0.007941,32.52,64.2164972528421
72922,-8.195418,-3.752544,4.35733,-0.017868,-0.007941,-0.007025,32.52,64.2002788278604
72932,-8.190632,-3.769294,4.361517,-0.018173,-0.007178,-0.007636,32.48,64.1852829435862
72942,-8.185846,-3.761517,4.360919,-0.017562,-0.006567,-0.007483,32.48,64.1694253217456
72952,-8.19781,-3.76391,4.368696,-0.017104,-0.005956,-0.00672,32.48,64.1589770379428
72962,-8.184052,-3.756134,4.362714,-0.016952,-0.004734,-0.005803,32.48,64.1505014752746
72972,-8.192427,-3.762115,4.363312,-0.016646,-0.003971,-0.006261,32.46,64.172631843508
72982,-8.176873,-3.765705,4.362116,-0.016493,-0.00336,-0.004734,32.46,64.1472788728141
72992,-8.190632,-3.75733,4.355535,-0.01573,-0.002138,-0.003818,32.47,64.203658234828
73002,-8.19123,-3.766303,4.353741,-0.014966,-0.001069,-0.003512,32.47,64.2235816613164
73012,-8.193025,-3.76391,4.356134,-0.014966,0.000458,-0.002291,32.49,64.2128232955689
73022,-8.190034,-3.763312,4.345366,-0.014355,0.000764,-0.001222,32.49,64.2609496078043
73032,-8.187043,-3.766303,4.355535,-0.014203,0.002749,0.000305,32.5,64.2048648683114
73042,-8.188239,-3.768098,4.356134,-0.01405,0.003665,0.000305,32.49,64.2063527798576
73052,-8.188239,-3.754339,4.367499,-0.012981,0.003512,0.000305,32.49,64.1334845681291
73062,-8.184052,-3.753741,4.361517,-0.013744,0.004581,0.000458,32.45,64.1541789262297
73072,-8.19781,-3.751946,4.359723,-0.01405,0.005651,0.001833,32.45,64.1927483554735
73082,-8.198408,-3.766901,4.356134,-0.013439,0.00672,0.002596,32.46,64.2280988727673
73092,-8.187043,-3.760321,4.35733,-0.013134,0.007025,0.00336,32.46,64.1893878070101
73102,-8.199606,-3.76391,4.354339,-0.012675,0.00733,0.003665,32.48,64.2369469523551
73112,-8.193025,-3.756134,4.363312,-0.01237,0.00733,0.004429,32.48,64.1677690803938
73122,-8.195418,-3.756134,4.356134,-0.012981,0.007483,0.004887,32.47,64.2101644747133
73132,-8.203195,-3.762115,4.362116,-0.012828,0.007178,0.00504,32.47,64.2031566427055
73142,-8.204391,-3.751946,4.347759,-0.013134,0.006567,0.004123,32.49,64.2692758503132
73152,-8.204391,-3.755535,4.347759,-0.01405,0.006567,0.003971,32.49,64.2729842064239
73162,-8.208578,-3.749553,4.356134,-0.014203,0.005345,0.004429,32.51,64.2331218389585
73172,-8.204989,-3.763312,4.351946,-0.013134,0.00504,0.004887,32.51,64.2608075865373
73182,-8.215158,-3.752544,4.359125,-0.01405,0.00504,0.00504,32.48,64.2356838428201
73192,-8.206185,-3.746562,4.351348,-0.013439,0.004123,0.004734,32.48,64.2492755328837
73202,-8.20798,-3.756732,4.359723,-0.014203,0.002902,0.00336,32.49,64.2207142770748
73212,-8.215756,-3.746562,4.341179,-0.014813,0.001374,0.003054,32.49,64.3232875600416
73222,-8.203793,-3.754937,4.362714,-0.014203,0.000764,0.002749,32.49,64.1939924385257
73232,-8.217552,-3.765106,4.355535,-0.015119,-0.000458,0.002138,32.45,64.2725210765241
73242,-8.213365,-3.754937,4.357928,-0.015272,-0.001985,0.001069,32.45,64.2402634024708
73252,-8.213365,-3.751348,4.358526,-0.015119,-0.002291,-0.000764,32.5,64.2334811901714
73262,-8.206783,-3.758526,4.355535,-0.015424,-0.003207,-0.001374,32.5,64.2414241575468
73272,-8.212168,-3.758526,4.359723,-0.016341,-0.00336,-0.002443,32.46,64.2320314004134
73282,-8.218747,-3.755535,4.349553,-0.017104,-0.004581,-0.003818,32.46,64.2961286763089
73292,-8.215158,-3.756134,4.360919,-0.017104,-0.005651,-0.004276,32.5,64.2301600434987
73302,-8.212766,-3.755535,4.35075,-0.017104,-0.005956,-0.004581,32.5,64.2764787252825
73312,-8.214561,-3.751348,4.355535,-0.016799,-0.006872,-0.005498,32.48,64.2515768998603
73322,-8.204989,-3.754937,4.356134,-0.017562,-0.007483,-0.006567,32.48,64.2305732121009
73332,-8.214561,-3.753142,4.357928,-0.018326,-0.008094,-0.007636,32.48,64.2411117478532
73342,-8.207382,-3.756134,4.352544,-0.018479,-0.00901,-0.008094,32.48,64.2557057577604
73352,-8.206185,-3.753142,4.353741,-0.019242,-0.009621,-0.008858,32.52,64.2437443388443
73362,-8.197212,-3.753741,4.365107,-0.019395,-0.009163,-0.00901,32.52,64.1655305479075
73372,-8.2014,-3.755535,4.359125,-0.019548,-0.008858,-0.009316,32.5,64.2076738181339
73386,-8.200203,-3.748955,4.368696,-0.019395,-0.009316,-0.009163,32.5,64.1488731216747
73392,-8.201998,-3.764508,4.365705,-0.018326,-0.008247,-0.009163,32.5,64.1844649031745
73402,-8.190632,-3.759723,4.365107,-0.018784,-0.008247,-0.009316,32.48,64.1568331314039
73412,-8.192427,-3.765106,4.360321,-0.019853,-0.008858,-0.00901,32.48,64.1911457756965
73422,-8.195418,-3.754339,4.362116,-0.0197,-0.007789,-0.009163,32.48,64.1774870942795
73432,-8.192427,-3.766901,4.365107,-0.01909,-0.007025,-0.008247,32.48,64.1683703898618
73442,-8.191828,-3.762714,4.357928,-0.018784,-0.007483,-0.008247,32.47,64.1996293114043
73452,-8.192427,-3.754937,4.367499,-0.018937,-0.007178,-0.007025,32.47,64.1436091507456
73462,-8.181659,-3.757928,4.353741,-0.018784,-0.006414,-0.006567,32.47,64.1932025316503
73472,-8.194819,-3.762714,4.360919,-0.018326,-0.005651,-0.006872,32.47,64.1909928480016
73482,-8.190632,-3.755535,4.357928,-0.018173,-0.004429,-0.00672,32.52,64.1894608521115
73492,-8.186445,-3.758526,4.359723,-0.018021,-0.004276,-0.005345,32.52,64.17383216685
73502,-8.194819,-3.750151,4.365705,-0.017868,-0.002902,-0.004123,32.49,64.1533001070598
73512,-8.188837,-3.757928,4.354938,-0.017257,-0.001833,-0.00336,32.49,64.2032921363955
73522,-8.198408,-3.764508,4.360919,-0.017257,-0.000611,-0.003054,32.47,64.2009762111951
73532,-8.191828,-3.768696,4.359125,-0.016646,-0.000153,-0.001985,32.47,64.1996852084151
73542,-8.188239,-3.759125,4.358526,-0.016341,0.000764,0.000153,32.46,64.1846893048234
73552,-8.194819,-3.751348,4.368098,-0.016035,0.002749,0.000305,32.49,64.1422222169311
73562,-8.192427,-3.763312,4.364508,-0.015577,0.003207,0.000305,32.49,64.167718871569
73572,-8.191828,-3.761517,4.360321,-0.015882,0.004123,0.000764,32.5,64.1860575556075
73582,-8.19781,-3.756134,4.360919,-0.01573,0.004887,0.00168,32.5,64.1909315826601
73592,-8.194221,-3.755535,4.370491,-0.015119,0.005498,0.002902,32.46,64.1328989191494
73602,-8.199007,-3.75733,4.368098,-0.015577,0.006414,0.003818,32.46,64.157928741571
73612,-8.191828,-3.759723,4.359125,-0.015424,0.007178,0.003665,32.47,64.1903537102629
73622,-8.201998,-3.758526,4.354339,-0.015577,0.006567,0.004887,32.47,64.2367722434718
73632,-8.19781,-3.762714,4.359723,-0.015119,0.007789,0.004734,32.51,64.2039187145357
73642,-8.19123,-3.755535,4.354339,-0.015272,0.008094,0.004581,32.51,64.2093129923431
73652,-8.200802,-3.765705,4.368696,-0.015272,0.007483,0.004887,32.49,64.1676157658895
73662,-8.205587,-3.765705,4.350152,-0.015272,0.006261,0.004276,32.49,64.2738734702591
73672,-8.206783,-3.759723,4.352544,-0.015272,0.006109,0.004581,32.48,64.2580638029146
73682,-8.199007,-3.765705,4.360919,-0.014813,0.006261,0.004276,32.48,64.2035737786905
73692,-8.208578,-3.765106,4.359125,-0.015119,0.005651,0.003512,32.49,64.233809551946
73702,-8.203195,-3.755535,4.352544,-0.015882,0.004887,0.002749,32.49,64.2456278105373
73712,-8.212766,-3.761517,4.35075,-0.016799,0.004429,0.002138,32.49,64.2826529353273
73722,-8.212766,-3.757928,4.356134,-0.016341,0.001222,0.000764,32.44,64.2512321829879
73732,-8.213365,-3.757928,4.354938,-0.016799,0,0.000458,32.44,64.2587396255467
73742,-8.22473,-3.754339,4.357928,-0.016799,-0.000916,0.000305,32.47,64.2652940081472
73752,-8.212168,-3.756732,4.348955,-0.017562,-0.002138,-0.001374,32.47,64.2856085792933
73762,-8.221739,-3.753741,4.360919,-0.017715,-0.002902,-0.002138,32.48,64.2425497885268
73772,-8.215158,-3.764508,4.353741,-0.018021,-0.004123,-0.002596,32.48,64.275738476762
73782,-8.222337,-3.766901,4.345366,-0.018784,-0.005345,-0.003207,32.47,64.3374685028416
73792,-8.222935,-3.756732,4.350152,-0.019242,-0.006414,-0.003207,32.47,64.3037137410731
73802,-8.221141,-3.759125,4.352544,-0.018784,-0.007178,-0.004581,32.46,64.2898276340581
73812,-8.216354,-3.762115,4.345964,-0.019853,-0.008399,-0.003971,32.46,64.3159966684947
73822,-8.200203,-3.754937,4.35733,-0.020006,-0.009316,-0.005192,32.47,64.2135902243177
73832,-8.206783,-3.754339,4.356732,-0.020006,-0.010385,-0.005956,32.47,64.2309307083715
73842,-8.210373,-3.764508,4.352544,-0.020922,-0.011454,-0.006872,32.5,64.2711118285764
73852,-8.209774,-3.760321,4.359125,-0.020617,-0.011912,-0.00672,32.5,64.2315577888062
73862,-8.216953,-3.759125,4.360919,-0.020464,-0.011454,-0.008094,32.48,64.237301272687
73872,-8.204989,-3.756732,4.360919,-0.020769,-0.012523,-0.007789,32.48,64.2077961558042
73882,-8.19123,-3.753142,4.357928,-0.020311,-0.012217,-0.007483,32.46,64.1883305813265
73892,-8.199007,-3.756134,4.359723,-0.020464,-0.012217,-0.008247,32.46,64.1998001570629
73902,-8.196015,-3.763312,4.361517,-0.020006,-0.012828,-0.007178,32.5,64.1912416147716
73912,-8.196614,-3.763312,4.355535,-0.020464,-0.012828,-0.007941,32.48,64.2234040159772
73922,-8.192427,-3.759723,4.367499,-0.020464,-0.01237,-0.007941,32.48,64.1485865525933
73932,-8.196614,-3.762115,4.369893,-0.020159,-0.011759,-0.007789,32.46,64.1482430428427
73942,-8.192427,-3.761517,4.366901,-0.0197,-0.01069,-0.006872,32.46,64.1535315007761
73952,-8.189436,-3.762714,4.361517,-0.019548,-0.010232,-0.007178,32.5,64.1757249082723
73962,-8.185846,-3.760919,4.359723,-0.019242,-0.009316,-0.006109,32.5,64.1749655117392
73972,-8.184649,-3.768696,4.367499,-0.019242,-0.008247,-0.005192,32.49,64.1403050032698
73982,-8.184052,-3.772883,4.368098,-0.0197,-0.007178,-0.004123,32.49,64.1402402358957
73992,-8.185846,-3.757928,4.369295,-0.019395,-0.006261,-0.004123,32.45,64.1225414717404
74002,-8.194819,-3.757928,4.359723,-0.019242,-0.004276,-0.003818,32.45,64.1921811118599
74012,-8.185248,-3.753741,4.362116,-0.018631,-0.003818,-0.003665,32.47,64.1538058514922
74022,-8.181659,-3.762115,4.366901,-0.018173,-0.002138,-0.003054,32.47,64.1297339893134
74032,-8.188837,-3.756732,4.359723,-0.018631,-0.000458,-0.002291,32.5,64.177387602873
74042,-8.175676,-3.757928,4.356134,-0.017715,0.000458,-0.002443,32.5,64.1672907934296
74052,-8.180463,-3.760321,4.356732,-0.018326,0.001374,-0.000764,32.47,64.1775591420825
74062,-8.19123,-3.762115,4.366901,-0.018937,0.002443,0.001069,32.47,64.1514410434633
74072,-8.175676,-3.760321,4.36391,-0.017715,0.00504,0.001374,32.49,64.1296903929445
74082,-8.189436,-3.758526,4.368696,-0.017104,0.005651,0.001985,32.48,64.1343955850426
74092,-8.194819,-3.76391,4.368098,-0.016188,0.006872,0.003207,32.48,64.1552800145111
74102,-8.190034,-3.75733,4.359125,-0.016035,0.007025,0.003971,32.48,64.1838030756849
74112,-8.200802,-3.756134,4.36391,-0.01573,0.007789,0.004734,32.48,64.1823067683866
74122,-8.194221,-3.754937,4.354938,-0.015577,0.008247,0.00504,32.48,64.2123764929195
74132,-8.191828,-3.764508,4.360321,-0.015424,0.008247,0.005956,32.48,64.1891680481072
74142,-8.194819,-3.765705,4.356134,-0.015119,0.008399,0.005345,32.46,64.2187452729393
74152,-8.19781,-3.76391,4.354938,-0.015272,0.008705,0.006261,32.46,64.2298032840162
74162,-8.199606,-3.765106,4.351348,-0.015424,0.008399,0.005192,32.48,64.2535948094837
74172,-8.195418,-3.765705,4.354938,-0.015577,0.007789,0.005498,32.48,64.2262604441976
74182,-8.199007,-3.759125,4.348357,-0.015577,0.007941,0.005498,32.46,64.261457489737
74192,-8.197212,-3.757928,4.351946,-0.014966,0.007483,0.005498,32.46,64.2376635169179
74202,-8.214561,-3.754937,4.352544,-0.014966,0.007483,0.00504,32.47,64.2706749790133
74212,-8.201998,-3.761517,4.347759,-0.015882,0.005956,0.004887,32.47,64.273769388825
74222,-8.214561,-3.759125,4.357928,-0.015272,0.005803,0.004734,32.52,64.2472882559804
74232,-8.210373,-3.760321,4.360321,-0.016341,0.004581,0.003665,32.52,64.2267566385714
74242,-8.215158,-3.756134,4.356134,-0.016646,0.00336,0.00336,32.48,64.2547790234035
74252,-8.213962,-3.75075,4.34417,-0.01741,0.002138,0.002138,32.47,64.3081380530386
74262,-8.216354,-3.753741,4.355535,-0.017868,0.000916,0.00168,32.47,64.258092497007
74272,-8.229516,-3.742374,4.356732,-0.017868,0.000153,0.000916,32.5,64.269944057667
74282,-8.217552,-3.760321,4.347759,-0.018479,-0.000764,-0.000153,32.5,64.3076029791595
74292,-8.213962,-3.755535,4.337589,-0.018479,-0.002291,-0.000764,32.45,64.3469810683616
74302,-8.210373,-3.754339,4.353143,-0.017868,-0.003818,-0.001222,32.45,64.2575209079531
74312,-8.207382,-3.754937,4.357928,-0.018326,-0.00504,-0.002138,32.44,64.2267455417297
74322,-8.206783,-3.758526,4.360321,-0.01909,-0.006414,-0.003054,32.44,64.2167875202647
74332,-8.214561,-3.754339,4.347759,-0.019242,-0.007178,-0.003818,32.49,64.2946972822714
74342,-8.208578,-3.75075,4.345964,-0.020159,-0.008094,-0.005192,32.49,64.2867467079403
74352,-8.209774,-3.764508,4.347759,-0.020464,-0.008858,-0.005498,32.46,64.2944002475507
74362,-8.215158,-3.756732,4.354339,-0.020769,-0.010537,-0.006567,32.46,64.2646339434693
74372,-8.21157,-3.750151,4.353143,-0.020311,-0.011454,-0.007483,32.47,64.2559020369319
74382,-8.215158,-3.753741,4.354938,-0.020617,-0.011606,-0.007483,32.47,64.2584655540134
74392,-8.208578,-3.750151,4.359723,-0.021075,-0.012981,-0.007789,32.5,64.2152621723357
74402,-8.20798,-3.759125,4.35733,-0.02138,-0.013439,-0.008094,32.5,64.2355067944994
74412,-8.190632,-3.762115,4.355535,-0.021533,-0.013897,-0.007941,32.51,64.2086302131685
74422,-8.195418,-3.75075,4.35075,-0.020769,-0.013897,-0.008399,32.46,64.2323334497354
74432,-8.180463,-3.765106,4.353143,-0.020464,-0.013897,-0.008552,32.46,64.2010542055491
74442,-8.188239,-3.75733,4.35733,-0.02138,-0.013439,-0.007636,32.48,64.1889865434394
74452,-8.19123,-3.760321,4.362714,-0.021228,-0.014203,-0.008552,32.48,64.1711339972246
74462,-8.205587,-3.760321,4.356732,-0.020769,-0.014661,-0.00901,32.46,64.2344172948372
74472,-8.196614,-3.763312,4.363312,-0.020922,-0.013439,-0.007941,32.46,64.1833559715499
74482,-8.187043,-3.758526,4.356732,-0.021686,-0.012981,-0.007025,32.46,64.1906028397034
74492,-8.190034,-3.759125,4.36391,-0.021228,-0.011912,-0.006109,32.46,64.1610198437333
74502,-8.190034,-3.758526,4.359125,-0.020311,-0.011606,-0.00672,32.48,64.1850463202313
74512,-8.180463,-3.757928,4.362714,-0.021075,-0.010385,-0.006567,32.48,64.1442259988954
74522,-8.195418,-3.762714,4.359723,-0.020922,-0.008399,-0.005956,32.47,64.1985074042637
74532,-8.19123,-3.765106,4.35733,-0.020159,-0.007941,-0.004429,32.47,64.2038440713556
74542,-8.184052,-3.762714,4.359125,-0.019395,-0.006261,-0.003207,32.45,64.1758513830837
74552,-8.190034,-3.759125,4.360321,-0.019548,-0.005345,-0.003054,32.45,64.1795070837858
74562,-8.184649,-3.76391,4.362116,-0.019242,-0.00336,-0.002902,32.46,64.1630382043085
74572,-8.184052,-3.764508,4.368098,-0.018784,-0.002291,-0.001985,32.46,64.1314959384925
74582,-8.177471,-3.766901,4.361517,-0.018784,-0.001374,0.000305,32.48,64.1529721454399
74592,-8.19123,-3.758526,4.359723,-0.018479,0.001985,-0.000458,32.47,64.1846745302961
74602,-8.182856,-3.756732,4.366303,-0.017715,0.003971,0,32.47,64.1299174629363
74612,-8.19123,-3.759723,4.369295,-0.017104,0.005498,0.000153,32.46,64.1366273730354
74622,-8.179864,-3.755535,4.361517,-0.016188,0.006567,0.001985,32.46,64.1465417092894
74632,-8.190632,-3.760919,4.36391,-0.016493,0.007178,0.001833,32.48,64.1642416835823
74642,-8.195418,-3.762714,4.362714,-0.016799,0.008399,0.002596,32.48,64.1831060874305
74652,-8.196015,-3.762714,4.363312,-0.016646,0.009774,0.003207,32.45,64.1813787621198
74662,-8.185846,-3.756732,4.366303,-0.016341,0.009927,0.003665,32.45,64.1367046658542
74672,-8.199007,-3.760321,4.36391,-0.015577,0.009774,0.003054,32.48,64.1825874989063
74682,-8.197212,-3.759125,4.362116,-0.015272,0.010537,0.004276,32.48,64.1865181358552
74692,-8.196614,-3.754937,4.35075,-0.016035,0.01069,0.00504,32.5,64.2393762316285
74702,-8.201998,-3.756732,4.355535,-0.015424,0.011148,0.00504,32.5,64.2287542653913
74712,-8.19123,-3.760919,4.351348,-0.014966,0.010537,0.005498,32.54,64.2303216981472
74722,-8.19123,-3.760321,4.350152,-0.015272,0.01069,0.006567,32.54,64.2358668334468
74732,-8.198408,-3.757928,4.34417,-0.015577,0.010537,0.005803,32.46,64.2804514027246
74742,-8.208578,-3.753741,4.350152,-0.015424,0.009468,0.00504,32.46,64.2682549585461
74752,-8.193025,-3.756732,4.353741,-0.015577,0.008705,0.005192,32.46,64.2177010228287
74762,-8.204989,-3.755535,4.34417,-0.015882,0.006414,0.004581,32.5,64.2928320928495
74772,-8.194221,-3.757928,4.351946,-0.01573,0.005651,0.005345,32.5,64.2308998364229
74782,-8.213365,-3.757928,4.349553,-0.015272,0.004123,0.00504,32.46,64.2864623934612
74792,-8.216953,-3.76391,4.348955,-0.01573,0.002596,0.004887,32.46,64.3037975366659
74802,-8.206185,-3.752544,4.335197,-0.016341,0.001069,0.002902,32.5,64.33871569959
74812,-8.213962,-3.752544,4.347161,-0.016799,-0.000458,0.002596,32.5,64.2945768324992
74822,-8.213365,-3.760321,4.348955,-0.01741,-0.00168,0.001833,32.46,64.2920108615797
74832,-8.214561,-3.751348,4.343571,-0.017104,-0.002749,0.000916,32.46,64.3131906880441
74842,-8.215756,-3.756134,4.353741,-0.01741,-0.003818,0.000458,32.5,64.2684440429076
74852,-8.224131,-3.753741,4.357928,-0.018173,-0.005345,-0.000305,32.5,64.2633276523063
74862,-8.223534,-3.762714,4.35075,-0.018021,-0.007025,-0.001374,32.49,64.3081433806571
74872,-8.207382,-3.760919,4.345366,-0.018479,-0.008399,-0.001985,32.49,64.2976274345654
74882,-8.209177,-3.758526,4.362116,-0.018479,-0.009468,-0.003512,32.47,64.2129618105842
74892,-8.207382,-3.752544,4.354339,-0.018326,-0.010996,-0.004734,32.47,64.2427515750393
74902,-8.215158,-3.761517,4.356134,-0.01909,-0.011759,-0.005498,32.51,64.2603360003473
74912,-8.212766,-3.759723,4.359723,-0.019548,-0.01237,-0.006109,32.51,64.2346190216454
74922,-8.204989,-3.758526,4.353143,-0.020311,-0.013134,-0.006109,32.48,64.2496897780287
74932,-8.206185,-3.771089,4.351348,-0.020464,-0.013592,-0.008094,32.48,64.2746378955132
74942,-8.200802,-3.760919,4.35075,-0.020311,-0.01405,-0.009468,32.48,64.2550377393794
74952,-8.204391,-3.759125,4.353741,-0.021533,-0.014661,-0.009621,32.46,64.2458790425394
74962,-8.200203,-3.759723,4.364508,-0.020769,-0.013592,-0.009316,32.46,64.1815960604759
74972,-8.200802,-3.758526,4.354938,-0.020159,-0.013134,-0.009163,32.48,64.2309836571907
74982,-8.196614,-3.75733,4.35733,-0.021075,-0.013439,-0.009621,32.48,64.2079501132152
74992,-8.194221,-3.75733,4.366303,-0.021533,-0.012981,-0.009163,32.46,64.1563217816405
75002,-8.185846,-3.757928,4.356732,-0.02138,-0.012675,-0.010079,32.46,64.1872686559031
75012,-8.187043,-3.760919,4.356732,-0.021075,-0.012065,-0.009621,32.48,64.1930921336367
75022,-8.193025,-3.760321,4.362116,-0.020617,-0.010843,-0.008552,32.48,64.1782798283367
75032,-8.194819,-3.757928,4.360919,-0.020464,-0.010385,-0.008247,32.44,64.1860210867861
75042,-8.18764,-3.75733,4.358526,-0.020311,-0.009316,-0.008094,32.44,64.181465174115
75052,-8.189436,-3.75075,4.365107,-0.019853,-0.008094,-0.007178,32.47,64.1447886655718
75062,-8.18764,-3.754937,4.357928,-0.019853,-0.007483,-0.005651,32.47,64.1820591533168
75072,-8.193623,-3.757928,4.362116,-0.019242,-0.005498,-0.00504,32.44,64.177147483489
75082,-8.183454,-3.762115,4.369295,-0.018784,-0.004887,-0.004581,32.44,64.1214780206579
75092,-8.181061,-3.764508,4.356134,-0.019395,-0.004276,-0.00336,32.46,64.1863620382162
75102,-8.188837,-3.769892,4.366303,-0.017868,-0.00168,-0.002138,32.46,64.1572000600432
75112,-8.179267,-3.75733,4.362116,-0.018173,-0.000305,-0.000916,32.48,64.1439699798527
75122,-8.189436,-3.750151,4.365705,-0.017104,0.000305,0.000916,32.47,64.1410856783529
75132,-8.178668,-3.76391,4.36391,-0.016646,0.001833,0.001833,32.47,64.1402306119217
75142,-8.182856,-3.75733,4.356732,-0.016799,0.002596,0.00168,32.47,64.1798691010738
75152,-8.190632,-3.768696,4.371687,-0.016799,0.003971,0.002138,32.47,64.1323104971425
75162,-8.181659,-3.765106,4.367499,-0.016035,0.00504,0.002749,32.45,64.1297759695097
75172,-8.184052,-3.762115,4.356732,-0.015424,0.005803,0.004581,32.45,64.1875619254851
75182,-8.194819,-3.758526,4.357928,-0.015119,0.006567,0.004887,32.52,64.2020482598111
75192,-8.196015,-3.755535,4.359125,-0.014813,0.007636,0.005956,32.52,64.1954856512029
75202,-8.184052,-3.760919,4.359723,-0.015119,0.008858,0.005956,32.44,64.1708994083791
75212,-8.196015,-3.75733,4.359723,-0.015272,0.009316,0.006109,32.44,64.1942681313789
75222,-8.200203,-3.761517,4.359125,-0.014813,0.009316,0.00504,32.51,64.2111675403405
75232,-8.196015,-3.760919,4.365107,-0.015119,0.010079,0.006567,32.51,64.1702730649208
75242,-8.203195,-3.765106,4.359125,-0.014661,0.009774,0.005956,32.52,64.2216524381831
75252,-8.212168,-3.757928,4.362714,-0.014203,0.009774,0.006109,32.52,64.2160260310651
75262,-8.196614,-3.76391,4.346562,-0.014508,0.009468,0.005192,32.51,64.2702644739295
75272,-8.206783,-3.75733,4.352544,-0.014966,0.009163,0.003665,32.51,64.2555893702702
75282,-8.213365,-3.757928,4.353741,-0.015272,0.008247,0.002749,32.47,64.2649008392841
75292,-8.227122,-3.756732,4.359125,-0.015272,0.007941,0.002902,32.5,64.2669950029025
75302,-8.218149,-3.760919,4.35075,-0.015272,0.006567,0.001985,32.5,64.2941676737349
75312,-8.218747,-3.757928,4.348357,-0.015272,0.00504,0.000764,32.44,64.3047504591991
75322,-8.221739,-3.769892,4.350152,-0.015424,0.003665,0.000153,32.44,64.3145786619163
75332,-8.217552,-3.755535,4.352544,-0.015272,0.00336,0.000153,32.47,64.2780384178845
75342,-8.213365,-3.749553,4.350152,-0.015272,0.002443,-0.000153,32.47,64.2747420354111
75352,-8.210971,-3.745964,4.353741,-0.016799,0.000153,-0.001985,32.48,64.2471507194516
75362,-8.212168,-3.75733,4.348357,-0.016952,-0.000611,-0.002291,32.48,64.289305431316
75372,-8.210971,-3.76391,4.347759,-0.016646,-0.001985,-0.003207,32.5,64.2964799160392
75382,-8.21157,-3.760919,4.351348,-0.016952,-0.003665,-0.004429,32.5,64.276259682625
75392,-8.21157,-3.760919,4.348955,-0.016646,-0.004734,-0.005192,32.47,64.2885817597807
75402,-8.210971,-3.758526,4.359125,-0.018173,-0.005803,-0.006414,32.47,64.2324049505787
75412,-8.223534,-3.759723,4.348955,-0.018173,-0.00733,-0.006109,32.46,64.3143002984043
75422,-8.216953,-3.762115,4.348955,-0.018021,-0.008247,-0.005956,32.46,64.3019461796733
75432,-8.218149,-3.771687,4.352544,-0.018326,-0.009468,-0.006261,32.48,64.2960485617845
75442,-8.21157,-3.764508,4.360919,-0.018479,-0.010537,-0.007025,32.48,64.2307151847336
75452,-8.21157,-3.754937,4.351946,-0.018021,-0.011759,-0.007789,32.49,64.2670041670538
75462,-8.206185,-3.755535,4.356732,-0.018631,-0.01237,-0.008858,32.48,64.2308159752047
75472,-8.209177,-3.756134,4.355535,-0.018173,-0.01237,-0.00901,32.48,64.2443582942216
75482,-8.194819,-3.753741,4.360919,-0.017868,-0.012065,-0.007941,32.48,64.1816744017554
75492,-8.201998,-3.753142,4.359125,-0.018479,-0.012523,-0.007789,32.48,64.2065483440965
75502,-8.194221,-3.756732,4.352544,-0.018784,-0.012523,-0.009163,32.48,64.2265769493327
75512,-8.200203,-3.765705,4.360321,-0.018937,-0.01237,-0.008399,32.48,64.2093559715269
75522,-8.190034,-3.75733,4.353741,-0.018479,-0.01237,-0.008552,32.51,64.2115516575056
75532,-8.189436,-3.751946,4.369893,-0.018479,-0.010996,-0.007941,32.51,64.1213844533784
75542,-8.193623,-3.767499,4.359125,-0.017257,-0.010385,-0.007025,32.52,64.2024999713852
75552,-8.202596,-3.759723,4.357928,-0.01741,-0.010079,-0.007636,32.52,64.2208811606141
75562,-8.190034,-3.754937,4.361517,-0.016952,-0.00901,-0.006261,32.5,64.1689913948078
75572,-8.188239,-3.766303,4.366901,-0.017257,-0.008247,-0.006414,32.5,64.1490248940791
75582,-8.191828,-3.759125,4.36391,-0.016952,-0.00672,-0.006261,32.5,64.16508579574
75592,-8.180463,-3.759125,4.35733,-0.017562,-0.006261,-0.006109,32.5,64.1732292896206
75602,-8.17807,-3.751946,4.363312,-0.016799,-0.004276,-0.003971,32.5,64.1294720611192
75612,-8.191828,-3.74716,4.362714,-0.016646,-0.003054,-0.004887,32.5,64.1588157009699
75622,-8.180463,-3.761517,4.361517,-0.015577,-0.000764,-0.003054,32.48,64.1541382204084
75632,-8.181659,-3.75733,4.371687,-0.016035,0.000611,-0.002138,32.45,64.1000903010479
75642,-8.185846,-3.760321,4.364508,-0.016188,0.001222,-0.001527,32.45,64.1496893577928
75652,-8.176873,-3.759125,4.360919,-0.014508,0.003207,-0.000305,32.46,64.1465789845241
75662,-8.183454,-3.748955,4.363312,-0.013897,0.00336,-0.000153,32.46,64.1385886774254
75672,-8.193025,-3.763312,4.360321,-0.014355,0.004429,0,32.48,64.1906336695212
75682,-8.189436,-3.769294,4.359723,-0.014813,0.004734,0,32.48,64.1918161199602
75692,-8.190632,-3.750151,4.362116,-0.014508,0.005803,0.001222,32.5,64.1622887173362
75702,-8.189436,-3.757928,4.354938,-0.014203,0.006872,0.003512,32.5,64.2046485300284
75712,-8.201998,-3.753741,4.354339,-0.013897,0.007483,0.003512,32.47,64.2318186023983
75722,-8.194221,-3.765106,4.356732,-0.013897,0.008399,0.003207,32.47,64.2136903122769
75732,-8.19123,-3.767499,4.360321,-0.013592,0.008552,0.002902,32.46,64.1909267483458
75742,-8.199007,-3.757928,4.35733,-0.012675,0.008858,0.003971,32.46,64.2139844145289
75752,-8.203195,-3.744768,4.355535,-0.013134,0.009621,0.003665,32.48,64.2190860707082
75762,-8.194221,-3.754339,4.348357,-0.01405,0.008094,0.00336,32.48,64.2456821449799
75772,-8.193623,-3.760919,4.354938,-0.013286,0.008247,0.003818,32.48,64.217231492359
75782,-8.191828,-3.759125,4.350152,-0.013592,0.007941,0.003512,32.48,64.2359777965739
75792,-8.19781,-3.758526,4.345964,-0.013744,0.007789,0.003207,32.5,64.2704697409463
75802,-8.215158,-3.750151,4.354938,-0.013744,0.006872,0.002291,32.48,64.2547638686658
75812,-8.204989,-3.74716,4.351348,-0.014203,0.006567,0.001833,32.48,64.2471887681535
75822,-8.205587,-3.752544,4.353143,-0.013897,0.005651,0.001069,32.47,64.2448549926048
75832,-8.209774,-3.753142,4.351946,-0.014355,0.004123,0.000458,32.47,64.2610967147634
75842,-8.204391,-3.75733,4.351946,-0.014508,0.003512,0,32.48,64.253267354394
75852,-8.207382,-3.755535,4.352544,-0.014355,0.002596,-0.000153,32.48,64.2550867141126
75862,-8.205587,-3.751348,4.345366,-0.014966,0.001222,-0.000305,32.46,64.2836936132473
75872,-8.21157,-3.754339,4.350152,-0.015119,0.000153,-0.001374,32.46,64.2756257241648
75882,-8.207382,-3.756134,4.346562,-0.015424,-0.001069,-0.002138,32.51,64.2865223073615
75892,-8.206185,-3.763312,4.354339,-0.01573,-0.001985,-0.002443,32.51,64.2511843980711
75902,-8.207382,-3.754339,4.354339,-0.015272,-0.002596,-0.003512,32.43,64.2446064694698
75912,-8.215756,-3.756134,4.356134,-0.016035,-0.004123,-0.00504,32.43,64.2561286134468
75922,-8.21157,-3.761517,4.347759,-0.016035,-0.00504,-0.005345,32.48,64.2953585664071
75932,-8.209774,-3.752544,4.351946,-0.016952,-0.007178,-0.006261,32.48,64.2604794166692
75942,-8.201998,-3.75075,4.349553,-0.017104,-0.007178,-0.006261,32.49,64.2533862648415
75952,-8.201998,-3.756134,4.350152,-0.016952,-0.007941,-0.006567,32.49,64.2558672859244
75962,-8.202596,-3.748955,4.349553,-0.017104,-0.008858,-0.00733,32.49,64.2528829919517
75972,-8.203195,-3.757928,4.350152,-0.016799,-0.009927,-0.008705,32.49,64.2604271286963
75982,-8.199606,-3.754937,4.353741,-0.017715,-0.011301,-0.008858,32.52,64.2307284371013
75992,-8.205587,-3.760919,4.359125,-0.017715,-0.010843,-0.009316,32.47,64.2227180030797
76002,-8.200802,-3.751348,4.356732,-0.017562,-0.010996,-0.009774,32.47,64.2143090638982
76012,-8.203195,-3.759723,4.352544,-0.017715,-0.011148,-0.010996,32.43,64.2499618687864
76022,-8.196015,-3.754339,4.355535,-0.018173,-0.011759,-0.009774,32.43,64.2127406138472
76032,-8.193623,-3.751348,4.363312,-0.01741,-0.011912,-0.010079,32.45,64.164154031392
76042,-8.192427,-3.768098,4.356134,-0.016952,-0.010996,-0.010232,32.45,64.2158245135512
76052,-8.198408,-3.762714,4.353741,-0.017257,-0.010232,-0.009163,32.51,64.23608012894
76062,-8.182856,-3.760919,4.362714,-0.016799,-0.009468,-0.008552,32.51,64.1527738750614
76072,-8.203195,-3.759723,4.359723,-0.01741,-0.008247,-0.008399,32.49,64.2129941194512
76082,-8.190632,-3.773481,4.36391,-0.016799,-0.00672,-0.007941,32.49,64.1773242367083
76092,-8.197212,-3.766901,4.362116,-0.016188,-0.006261,-0.008399,32.44,64.194595363724
76102,-8.190034,-3.764508,4.360919,-0.015882,-0.005498,-0.007483,32.44,64.1820265522207
76112,-8.18764,-3.767499,4.356732,-0.01573,-0.004429,-0.006567,32.45,64.201292330049
76122,-8.190632,-3.760919,4.364508,-0.016646,-0.00336,-0.007789,32.45,64.1611621704812
76132,-8.179267,-3.765705,4.361517,-0.01573,-0.001374,-0.006414,32.5,64.1557959453202
76142,-8.182258,-3.764508,4.362116,-0.014966,0.000305,-0.005345,32.5,64.1582417047507
76152,-8.185248,-3.755535,4.355535,-0.015119,0.001222,-0.003971,32.46,64.1895956343318
76162,-8.188239,-3.764508,4.35733,-0.014508,0.002596,-0.003054,32.44,64.1964529508103
76172,-8.184052,-3.758526,4.369295,-0.013744,0.003818,-0.002902,32.44,64.119091892646
76182,-8.19123,-3.751946,4.36391,-0.013897,0.004887,-0.002749,32.49,64.1562678769201
76192,-8.187043,-3.759125,4.362116,-0.012523,0.005192,-0.001527,32.49,64.1634807363362
76202,-8.196015,-3.769892,4.357928,-0.012981,0.006109,-0.001527,32.43,64.216560080082
76212,-8.18764,-3.759125,4.355535,-0.012675,0.00733,-0.000458,32.43,64.1987482045265
76222,-8.185248,-3.756134,4.356732,-0.01237,0.007789,0.000611,32.47,64.1840471389931
76232,-8.190034,-3.756134,4.354339,-0.011454,0.008552,0.001222,32.47,64.2072268041613
76242,-8.190632,-3.765106,4.353143,-0.011454,0.009316,0.001374,32.5,64.2240669815426
76252,-8.202596,-3.751348,4.356134,-0.01069,0.009468,0.002291,32.5,64.2214485991071
76262,-8.200802,-3.748357,4.35733,-0.010385,0.009927,0.002749,32.49,64.2081328583261
76272,-8.194819,-3.765106,4.351348,-0.010385,0.009163,0.003054,32.49,64.2427824005097
76282,-8.19781,-3.749553,4.349553,-0.010232,0.010385,0.003971,32.47,64.2426777802755
76292,-8.2014,-3.760321,4.358526,-0.010232,0.009774,0.003818,32.47,64.2157180358833
76302,-8.204391,-3.764508,4.351946,-0.010079,0.009927,0.003054,32.49,64.2606962489917
76312,-8.20798,-3.749553,4.347759,-0.010843,0.009316,0.004429,32.49,64.2749115718108
76322,-8.204391,-3.75075,4.350152,-0.011148,0.007483,0.003512,32.49,64.2557079956584
76332,-8.199606,-3.756732,4.35075,-0.010843,0.007025,0.004123,32.47,64.2479995658219
76342,-8.209774,-3.75733,4.352544,-0.010843,0.00672,0.003818,32.47,64.2623420337077
76352,-8.204391,-3.762115,4.345964,-0.010385,0.005803,0.003512,32.43,64.2890373801904
76362,-8.212766,-3.753142,4.356134,-0.011148,0.004734,0.003054,32.43,64.2462907437949
76372,-8.208578,-3.745964,4.350152,-0.011301,0.003818,0.002138,32.46,64.2602300113801
76382,-8.224131,-3.757928,4.353741,-0.012065,0.002443,0.000611,32.46,64.289173030045
76392,-8.212766,-3.75075,4.348955,-0.011454,0.001222,0.000611,32.48,64.2807889310883
76402,-8.218149,-3.753741,4.34417,-0.01237,-0.000305,0,32.48,64.3206535742131
76412,-8.212168,-3.764508,4.350152,-0.012523,-0.000305,-0.001374,32.45,64.2874730087886
76422,-8.216354,-3.747759,4.344768,-0.012523,-0.002443,-0.001374,32.45,64.3073728018023
76432,-8.212168,-3.760919,4.346562,-0.012217,-0.004123,-0.002596,32.46,64.3022540393415
76442,-8.20798,-3.753741,4.354339,-0.012065,-0.004429,-0.003971,32.46,64.2453395906431
76452,-8.226524,-3.759125,4.349553,-0.013286,-0.005803,-0.004734,32.52,64.3173375808464
76462,-8.214561,-3.760321,4.359723,-0.01405,-0.007178,-0.004734,32.52,64.2392892514984
76472,-8.219944,-3.750151,4.35075,-0.014813,-0.008552,-0.006261,32.46,64.2871230584317
76482,-8.214561,-3.758526,4.350152,-0.014355,-0.009316,-0.00733,32.46,64.2866917165338
76492,-8.213962,-3.762115,4.354339,-0.014813,-0.010232,-0.008858,32.51,64.2674930941317
76502,-8.208578,-3.754937,4.368098,-0.015577,-0.010996,-0.010385,32.49,64.1771207081914
76512,-8.215158,-3.762115,4.357928,-0.015272,-0.012065,-0.011454,32.49,64.2517237943909
76522,-8.206783,-3.75075,4.362714,-0.015882,-0.011912,-0.011606,32.49,64.1964252942711
76532,-8.20798,-3.755535,4.359125,-0.016188,-0.012217,-0.01237,32.49,64.2225540223815
76542,-8.193623,-3.762714,4.348357,-0.016035,-0.012065,-0.012675,32.45,64.2530145846603
76552,-8.202596,-3.759723,4.365107,-0.016799,-0.011454,-0.012217,32.45,64.183929299284
76562,-8.195418,-3.754339,4.365107,-0.016035,-0.010996,-0.012523,32.48,64.1620852815596
76572,-8.199606,-3.756732,4.35733,-0.016341,-0.010843,-0.013134,32.48,64.2140996303539
76582,-8.200203,-3.75733,4.359125,-0.01573,-0.009927,-0.013286,32.48,64.2068258843734
76592,-8.187043,-3.749553,4.370491,-0.016035,-0.008247,-0.012981,32.48,64.1103791972772
76602,-8.182856,-3.757928,4.369295,-0.016493,-0.007636,-0.012217,32.47,64.1157523750219
76612,-8.188837,-3.762714,4.358526,-0.016341,-0.006261,-0.012065,32.47,64.1897772957624
76622,-8.185248,-3.756134,4.364508,-0.016646,-0.005345,-0.011912,32.45,64.1439716538246
76632,-8.17807,-3.754339,4.366303,-0.016341,-0.004429,-0.011148,32.45,64.116550301308
76642,-8.179267,-3.756732,4.36391,-0.016493,-0.002749,-0.01069,32.49,64.1340992181957
76652,-8.185248,-3.758526,4.362714,-0.014661,-0.001069,-0.009621,32.49,64.1557057476823
76662,-8.182856,-3.757928,4.365107,-0.014813,0.000764,-0.00733,32.44,64.1373259790997
76672,-8.180463,-3.749553,4.362116,-0.013744,0.002596,-0.006567,32.52,64.1385819113607
76682,-8.187043,-3.761517,4.361517,-0.013286,0.003665,-0.005803,32.52,64.169057058116
76692,-8.188239,-3.765106,4.359723,-0.013286,0.004887,-0.004276,32.51,64.1847456687506
76702,-8.179864,-3.768696,4.366901,-0.012981,0.005956,-0.003207,32.51,64.1325340120871
76712,-8.182258,-3.755535,4.362714,-0.012675,0.00733,-0.002596,32.49,64.1458061674388
76722,-8.175079,-3.77049,4.353143,-0.01237,0.008247,-0.002138,32.49,64.1944786199841
76732,-8.187043,-3.760919,4.355535,-0.010843,0.009316,0,32.45,64.1992620283924
76742,-8.193025,-3.756134,4.354938,-0.011454,0.009927,0.000153,32.45,64.2109111094836
76752,-8.193025,-3.762115,4.356134,-0.01069,0.010996,0.001833,32.43,64.210958287568
76762,-8.185846,-3.764508,4.360321,-0.01069,0.011454,0.001069,32.43,64.1756220793748
76772,-8.185248,-3.768098,4.351946,-0.010385,0.011148,0.00168,32.52,64.221173568199
76782,-8.190034,-3.763312,4.356732,-0.009927,0.010843,0.003207,32.52,64.2023530811437
76792,-8.200802,-3.762714,4.35733,-0.009774,0.011759,0.002443,32.48,64.2230056000498
76802,-8.205587,-3.763312,4.351946,-0.009163,0.011759,0.002138,32.48,64.2621571492887
76812,-8.203195,-3.756732,4.351348,-0.009774,0.011606,0.00336,32.46,64.2530277716415
76822,-8.198408,-3.765705,4.351946,-0.010232,0.010996,0.002749,32.46,64.2484298898466
76832,-8.200802,-3.75075,4.345964,-0.009316,0.01069,0.002596,32.48,64.2691847409807
76842,-8.208578,-3.75075,4.348955,-0.009163,0.009927,0.002138,32.48,64.2713344124386
76852,-8.200802,-3.756732,4.359723,-0.009316,0.009316,0.001527,32.48,64.2044820133606
76862,-8.20798,-3.75733,4.346562,-0.00901,0.008552,0.001985,32.48,64.2891064693389
76872,-8.197212,-3.768098,4.351946,-0.010385,0.007178,0.000764,32.48,64.2482121661285
76882,-8.203793,-3.750151,4.355535,-0.01069,0.006261,0.000305,32.46,64.2260036943685
76892,-8.210971,-3.753741,4.349553,-0.009927,0.004734,-0.000153,32.46,64.2767420967165
76902,-8.209177,-3.760919,4.359125,-0.010385,0.004581,-0.000916,32.48,64.2308281428425
76912,-8.2014,-3.756732,4.338786,-0.010537,0.002443,-0.001985,32.48,64.3137343171126
76922,-8.216953,-3.750151,4.343571,-0.010996,0.000916,-0.002291,32.45,64.3173507896621
76932,-8.207382,-3.756134,4.341777,-0.010996,-0.000305,-0.003971,32.45,64.3111839538417
76942,-8.200802,-3.754937,4.352544,-0.011606,-0.00168,-0.00504,32.48,64.239600189675
76952,-8.209774,-3.752544,4.350152,-0.012217,-0.002291,-0.005651,32.48,64.2697196576051
76962,-8.213962,-3.753142,4.345366,-0.012523,-0.003512,-0.005956,32.48,64.3044396581434
76972,-8.207382,-3.756134,4.348955,-0.012675,-0.004734,-0.00672,32.48,64.2741927402631
76982,-8.212766,-3.765705,4.351946,-0.01237,-0.006567,-0.007636,32.45,64.2808221722982
76992,-8.209177,-3.745964,4.350152,-0.012675,-0.007025,-0.007178,32.45,64.2615836291569
77002,-8.212766,-3.757928,4.357928,-0.012675,-0.008247,-0.00901,32.5,64.2419998895749
77012,-8.19781,-3.749553,4.350152,-0.01405,-0.009927,-0.009468,32.51,64.2395896459703
77022,-8.199606,-3.766303,4.357928,-0.01405,-0.01069,-0.009621,32.51,64.2209471188039
77032,-8.205587,-3.748955,4.349553,-0.013897,-0.011454,-0.009621,32.45,64.2596436337191
77042,-8.19781,-3.757928,4.356134,-0.013286,-0.011606,-0.009468,32.45,64.2174373340745
77052,-8.201998,-3.757928,4.361517,-0.014508,-0.012217,-0.009927,32.5,64.1991914601127
77062,-8.204989,-3.751946,4.359125,-0.014355,-0.011759,-0.010537,32.5,64.2120780155618
77072,-8.194221,-3.753142,4.351946,-0.014355,-0.012217,-0.011759,32.48,64.2259370921244
77082,-8.196614,-3.75733,4.349553,-0.014355,-0.011454,-0.010537,32.48,64.2480258626927
77092,-8.191828,-3.751348,4.362714,-0.014966,-0.010843,-0.009927,32.47,64.163163811888
77102,-8.19781,-3.754339,4.360919,-0.01405,-0.010232,-0.010537,32.47,64.1890697583515
77112,-8.18764,-3.762115,4.366303,-0.014203,-0.009927,-0.009468,32.48,64.1463817135078
77122,-8.184649,-3.759125,4.357928,-0.013744,-0.008705,-0.008094,32.48,64.179636338218
77132,-8.184052,-3.748357,4.362116,-0.013744,-0.008705,-0.008858,32.52,64.1454893840801
77142,-8.186445,-3.760919,4.371089,-0.013592,-0.006261,-0.008094,32.52,64.117782348115
77152,-8.189436,-3.760321,4.353143,-0.013439,-0.005803,-0.008094,32.49,64.2163881191788
77162,-8.183454,-3.769892,4.365107,-0.013897,-0.004887,-0.008094,32.49,64.1511628484286
77172,-8.181659,-3.753741,4.368098,-0.012675,-0.002902,-0.006872,32.47,64.1148331276871
77182,-8.187043,-3.756732,4.365107,-0.013134,-0.000764,-0.006567,32.47,64.1455813544173
77192,-8.185248,-3.76391,4.363312,-0.012065,0.001222,-0.005192,32.45,64.1582344349506
77202,-8.18764,-3.762115,4.364508,-0.012217,0.002443,-0.005498,32.45,64.1556258510818
77212,-8.192427,-3.771089,4.371089,-0.012065,0.003512,-0.004887,32.45,64.141949181102
77222,-8.188837,-3.759125,4.358526,-0.011606,0.005345,-0.003665,32.5,64.1860440453114
77232,-8.185248,-3.761517,4.357928,-0.011148,0.006567,-0.00336,32.5,64.1834839958623
77242,-8.187043,-3.759723,4.369295,-0.011301,0.007178,-0.00336,32.47,64.1271288970582
77252,-8.194221,-3.756732,4.365705,-0.01069,0.008705,-0.002596,32.47,64.1587790044312
77262,-8.196614,-3.753741,4.362116,-0.010385,0.010537,-0.001833,32.46,64.1795761931738
77272,-8.200802,-3.761517,4.358526,-0.01069,0.011454,-0.001985,32.46,64.2156060530135
77282,-8.195418,-3.75733,4.358526,-0.011148,0.011606,-0.002291,32.48,64.199082203629
77292,-8.191828,-3.760321,4.354339,-0.010232,0.012523,-0.001833,32.48,64.215636243925
77302,-8.204989,-3.759723,4.355535,-0.009621,0.012675,-0.002291,32.49,64.2386103453461
77312,-8.197212,-3.759723,4.357928,-0.008858,0.013134,-0.001833,32.49,64.2087055858578
77322,-8.199007,-3.757928,4.355535,-0.009621,0.013134,-0.001374,32.47,64.2232303018862
77332,-8.192427,-3.754339,4.347161,-0.008552,0.013134,-0.001985,32.47,64.2477925436166
77342,-8.193025,-3.760321,4.355535,-0.008858,0.012675,-0.000764,32.48,64.2121813028743
77352,-8.203793,-3.74716,4.35075,-0.008705,0.012523,-0.000764,32.48,64.2475659627741
77362,-8.191828,-3.755535,4.348955,-0.00901,0.012217,-0.000458,32.47,64.2384253789333
77372,-8.198408,-3.750151,4.358526,-0.008705,0.011301,-0.000916,32.45,64.1984083872786
77382,-8.185248,-3.752544,4.345366,-0.008399,0.010385,-0.000458,32.45,64.2389461071188
77392,-8.199606,-3.757928,4.347759,-0.009468,0.009316,-0.001069,32.5,64.2646534808301
77402,-8.200802,-3.750151,4.347161,-0.008705,0.007941,-0.001069,32.5,64.2623940789372
77412,-8.212766,-3.757928,4.34058,-0.008705,0.007178,-0.001222,32.46,64.3313364190104
77422,-8.217552,-3.755535,4.342375,-0.00901,0.005956,-0.00168,32.46,64.3304014373834
77432,-8.202596,-3.753142,4.342973,-0.009927,0.004123,-0.001374,32.46,64.2911306553874
77442,-8.213962,-3.754339,4.34417,-0.009621,0.003054,-0.002443,32.46,64.3118344905818
77452,-8.215158,-3.756732,4.35075,-0.010079,0.001985,-0.001985,32.5,64.2831087182001
77462,-8.210373,-3.763312,4.347759,-0.010079,0.001069,-0.002291,32.5,64.2945144977205
77472,-8.213365,-3.756732,4.343571,-0.01069,-0.000458,-0.003971,32.46,64.3160410094374
77482,-8.212766,-3.754339,4.347161,-0.010385,-0.001374,-0.004429,32.46,64.2937295002611
77492,-8.201998,-3.756732,4.34417,-0.010996,-0.002291,-0.00504,32.51,64.2873188482644
77502,-8.215158,-3.754937,4.348357,-0.010537,-0.003971,-0.004581,32.51,64.2935799932037
77512,-8.216953,-3.753741,4.346562,-0.011606,-0.004581,-0.006109,32.51,64.3056386397891
77522,-8.209774,-3.759125,4.344768,-0.011606,-0.005651,-0.006872,32.51,64.3042486487106
77532,-8.206783,-3.765705,4.356732,-0.011912,-0.006872,-0.008094,32.49,64.2426930717321
77542,-8.20798,-3.757928,4.348357,-0.012217,-0.008247,-0.009316,32.5,64.2804761347576
77552,-8.212168,-3.755535,4.35733,-0.013286,-0.008552,-0.009774,32.5,64.2412550963395
77562,-8.221141,-3.74716,4.349553,-0.012675,-0.009621,-0.010079,32.5,64.2929088943265
77572,-8.205587,-3.754339,4.348955,-0.012523,-0.010385,-0.010843,32.5,64.2682858706499
77582,-8.204391,-3.748955,4.348955,-0.013592,-0.010996,-0.011606,32.48,64.2600225452779
77592,-8.194819,-3.759125,4.355535,-0.01405,-0.011454,-0.011301,32.48,64.2149987326355
77602,-8.197212,-3.756732,4.354339,-0.014355,-0.010996,-0.011912,32.54,64.2240925407822
77612,-8.191828,-3.75733,4.359125,-0.013897,-0.010843,-0.01237,32.54,64.1878671454753
77622,-8.195418,-3.759723,4.359723,-0.013439,-0.010537,-0.011759,32.48,64.1954009304788
77632,-8.18764,-3.753741,4.354339,-0.013897,-0.010843,-0.011912,32.48,64.1993184819848
77642,-8.205587,-3.751946,4.357928,-0.013286,-0.010843,-0.010996,32.5,64.2195938591421
77652,-8.193623,-3.757928,4.360321,-0.013286,-0.010537,-0.010385,32.5,64.1863926420689
77662,-8.187043,-3.762115,4.360321,-0.013744,-0.009621,-0.010079,32.46,64.175841695446
77672,-8.18764,-3.759723,4.356134,-0.014203,-0.008552,-0.010385,32.46,64.196282441122
77682,-8.187043,-3.752544,4.362116,-0.014203,-0.008247,-0.009774,32.47,64.1566335256878
77692,-8.183454,-3.757928,4.35733,-0.013897,-0.006872,-0.009468,32.47,64.1787642063274
77702,-8.176873,-3.763312,4.372883,-0.013744,-0.003818,-0.007941,32.46,64.0893045862966
77712,-8.184052,-3.761517,4.372883,-0.012828,-0.002902,-0.007941,32.45,64.103738127685
77722,-8.178668,-3.759723,4.366303,-0.012675,-0.001222,-0.00733,32.45,64.1235278118016
77732,-8.185248,-3.765705,4.361517,-0.012828,0.000153,-0.007789,32.49,64.1693526486534
77742,-8.176873,-3.771089,4.359723,-0.012523,0.001374,-0.00672,32.49,64.1652396640087
77752,-8.17448,-3.756732,4.369893,-0.011912,0.002749,-0.006109,32.45,64.0923868483248
77762,-8.184052,-3.763312,4.374678,-0.010843,0.004276,-0.005345,32.45,64.0963727093532
77772,-8.181659,-3.765705,4.360919,-0.011148,0.005345,-0.003665,32.45,64.1643007220958
77782,-8.183454,-3.766901,4.36391,-0.010537,0.007483,-0.002443,32.45,64.1542066468361
77792,-8.181061,-3.766901,4.362714,-0.010385,0.007636,-0.002596,32.47,64.1549436844056
77802,-8.181061,-3.75733,4.357928,-0.010843,0.009163,-0.001833,32.47,64.1696319145647
77812,-8.194819,-3.759125,4.367499,-0.010385,0.01069,-0.000916,32.48,64.1533864069824
77822,-8.185248,-3.750151,4.368098,-0.009927,0.011454,-0.000764,32.48,64.1192480544965
77832,-8.193623,-3.767499,4.359723,-0.008552,0.012523,-0.000458,32.49,64.1994203353399
77842,-8.199007,-3.75733,4.362116,-0.008247,0.012523,-0.000153,32.49,64.188718807176
77852,-8.195418,-3.746562,4.361517,-0.008399,0.012981,0.000458,32.48,64.1725053656019
77862,-8.2014,-3.749553,4.350152,-0.007636,0.013592,-0.000153,32.48,64.2477095249796
77872,-8.194221,-3.749553,4.356732,-0.007483,0.013286,0.001374,32.46,64.1975477365729
77882,-8.194819,-3.741776,4.359125,-0.008399,0.013286,0.000458,32.44,64.1785122250505
77892,-8.2014,-3.754339,4.353143,-0.008094,0.013134,0.001374,32.44,64.2372469490642
77902,-8.199007,-3.762115,4.343571,-0.007636,0.012675,0.000764,32.47,64.2892263765229
77912,-8.197212,-3.749553,4.345964,-0.007941,0.011912,0.001374,32.47,64.2598320209462
77922,-8.200802,-3.764508,4.34417,-0.007789,0.012065,0.001527,32.49,64.2926651978959
77932,-8.202596,-3.756732,4.350152,-0.008247,0.010537,0.001374,32.49,64.2578368846162
77942,-8.206185,-3.748357,4.345964,-0.007941,0.009468,0.00168,32.51,64.2788749640306
77952,-8.203793,-3.747759,4.341179,-0.008705,0.008094,0.001527,32.51,64.2975284531002
77962,-8.19781,-3.754339,4.353143,-0.008858,0.006109,0.000458,32.48,64.229128299628
77972,-8.210373,-3.75733,4.351946,-0.008094,0.004734,-0.000305,32.48,64.2667732494378
77982,-8.210373,-3.744768,4.343571,-0.008094,0.003665,-0.000916,32.5,64.2969681856854
77992,-8.220542,-3.761517,4.35075,-0.00901,0.003512,-0.001069,32.5,64.3001742185864
78002,-8.216354,-3.762714,4.345366,-0.009316,0.001527,-0.002749,32.46,64.3196935972401
78012,-8.220542,-3.75075,4.348955,-0.010079,0.000153,-0.002749,32.46,64.2983284918735
78022,-8.210971,-3.752544,4.351348,-0.009774,-0.000764,-0.002902,32.5,64.2662620519918
78032,-8.217552,-3.753142,4.360321,-0.009774,-0.001527,-0.003512,32.5,64.2355549147714
78042,-8.216354,-3.75075,4.35075,-0.011148,-0.003054,-0.007025,32.46,64.2796414399511
78052,-8.216953,-3.756134,4.350152,-0.011759,-0.00504,-0.006414,32.47,64.2896181777823
78062,-8.216354,-3.756732,4.351946,-0.012675,-0.006261,-0.008247,32.47,64.2796487916917
78072,-8.215756,-3.769294,4.35075,-0.012217,-0.007636,-0.009163,32.52,64.2974210021898
78082,-8.209177,-3.756732,4.347759,-0.012675,-0.008705,-0.010232,32.52,64.2850222855472
78092,-8.204391,-3.745365,4.354938,-0.012675,-0.00901,-0.010385,32.47,64.2254854632069
78102,-8.204989,-3.752544,4.353143,-0.013286,-0.010079,-0.010996,32.47,64.2435034388941
78112,-8.212168,-3.767499,4.356134,-0.013134,-0.010079,-0.012217,32.44,64.2597760200408
78122,-8.205587,-3.764508,4.360919,-0.013592,-0.010385,-0.012065,32.44,64.217203746956
78132,-8.213962,-3.757928,4.362714,-0.013592,-0.01069,-0.012217,32.46,64.2200791061836
78142,-8.194819,-3.760919,4.353741,-0.014355,-0.010537,-0.012675,32.46,64.226104661883
78152,-8.199007,-3.762714,4.362116,-0.013592,-0.010079,-0.013286,32.49,64.1943063049966
78162,-8.196614,-3.763312,4.360919,-0.014966,-0.010232,-0.013439,32.49,64.1956759606128
78172,-8.19123,-3.756732,4.364508,-0.014355,-0.009927,-0.013439,32.52,64.15816238986
78182,-8.191828,-3.771089,4.361517,-0.014661,-0.00901,-0.013286,32.52,64.1898581595618
78192,-8.184052,-3.760919,4.359723,-0.014355,-0.008552,-0.012675,32.46,64.1708994083791
78202,-8.180463,-3.748357,4.363312,-0.013744,-0.007941,-0.01237,32.46,64.1311706383459
78212,-8.184649,-3.757928,4.353741,-0.014355,-0.00672,-0.011912,32.46,64.1999777872752
78222,-8.187043,-3.755535,4.363312,-0.014203,-0.004734,-0.011454,32.46,64.1535825428435
78232,-8.177471,-3.75733,4.371089,-0.014508,-0.003207,-0.010537,32.51,64.0936510774278
78242,-8.177471,-3.76391,4.362714,-0.013592,-0.00168,-0.009163,32.5,64.1436783755915
78252,-8.190632,-3.759125,4.371687,-0.013897,-0.001069,-0.008247,32.5,64.1223366113943
78262,-8.182856,-3.761517,4.359125,-0.014355,0.000305,-0.008552,32.47,64.1718934912662
78272,-8.17807,-3.762115,4.356732,-0.013134,0.001985,-0.00733,32.47,64.1740039641955
78282,-8.172686,-3.760321,4.353143,-0.013439,0.002902,-0.006414,32.52,64.1784360550828
78292,-8.195418,-3.764508,4.365107,-0.012065,0.004276,-0.004123,32.52,64.1726522217702
78302,-8.186445,-3.754937,4.362116,-0.011606,0.005651,-0.003665,32.49,64.1577661024266
78312,-8.181659,-3.759723,4.360321,-0.011912,0.005956,-0.002443,32.49,64.1611450469283
78322,-8.190034,-3.754937,4.355535,-0.012065,0.006872,-0.001222,32.48,64.1998185127027
78332,-8.192427,-3.751348,4.370491,-0.011148,0.007941,0.000153,32.48,64.1244749464445
78342,-8.179267,-3.761517,4.355535,-0.010843,0.008705,0.000153,32.49,64.1822671012165
78352,-8.186445,-3.763312,4.359125,-0.010079,0.009621,0.001527,32.49,64.1818959155498
78362,-8.185248,-3.760321,4.353741,-0.010843,0.009927,0.00168,32.48,64.2038239562481
78372,-8.190632,-3.762714,4.352544,-0.010079,0.010079,0.002138,32.48,64.2246684109313
78382,-8.194221,-3.751348,4.360321,-0.009621,0.011148,0.002596,32.5,64.1809166270996
78392,-8.2014,-3.760321,4.359125,-0.009621,0.010843,0.001985,32.5,64.212633954855
78402,-8.200203,-3.758526,4.355535,-0.009468,0.010385,0.002291,32.45,64.2265544229899
78412,-8.193025,-3.755535,4.354339,-0.008705,0.010537,0.003971,32.5,64.2133767464006
78422,-8.194819,-3.759723,4.362116,-0.009163,0.010232,0.003665,32.5,64.1817211368348
78432,-8.19781,-3.754937,4.35075,-0.008858,0.009927,0.002902,32.45,64.2420807410481
78442,-8.209774,-3.747759,4.348955,-0.009316,0.009316,0.002749,32.45,64.2709504032485
78452,-8.210971,-3.75733,4.357928,-0.009316,0.008399,0.002138,32.46,64.2373285719962
78462,-8.21157,-3.755535,4.34417,-0.00901,0.007636,0.002596,32.46,64.3076751542885
78472,-8.209774,-3.75733,4.348955,-0.009316,0.007025,0.001222,32.46,64.2808256064825
78482,-8.20798,-3.759723,4.355535,-0.010385,0.005803,0,32.46,64.2453656662525
78492,-8.212168,-3.760919,4.34417,-0.010232,0.004429,-0.000305,32.45,64.3145756064552
78502,-8.216953,-3.762714,4.355535,-0.010843,0.004123,-0.000305,32.45,64.2687014059494
78512,-8.206783,-3.752544,4.346562,-0.011301,0.002596,-0.001374,32.47,64.2814639703929
78522,-8.212168,-3.756134,4.354339,-0.011301,0.002291,-0.001985,32.47,64.2572690478774
78532,-8.217552,-3.753142,4.356732,-0.012065,0.000611,-0.003207,32.49,64.2540192480537
78542,-8.206783,-3.759125,4.349553,-0.012675,-0.001069,-0.004429,32.49,64.272850906028
78552,-8.216354,-3.753741,4.349553,-0.012675,-0.00168,-0.003818,32.47,64.2888858358874
78562,-8.201998,-3.755535,4.345964,-0.012675,-0.002596,-0.007025,32.47,64.2768327109492
78572,-8.202596,-3.754339,4.352544,-0.013897,-0.004887,-0.007025,32.48,64.2430367178694
78582,-8.202596,-3.756134,4.352544,-0.013592,-0.00504,-0.00672,32.45,64.244893968147
78592,-8.214561,-3.760919,4.346562,-0.013897,-0.00672,-0.007636,32.45,64.3076457444573
78602,-8.207382,-3.756134,4.344768,-0.01405,-0.008552,-0.009316,32.5,64.2957672947407
78612,-8.202596,-3.756732,4.352544,-0.014203,-0.008552,-0.009621,32.5,64.2455128142174
78622,-8.204391,-3.751946,4.35075,-0.014203,-0.00901,-0.008858,32.48,64.253862429408
78632,-8.2014,-3.756732,4.351348,-0.01405,-0.009774,-0.010079,32.48,64.2489722191265
78642,-8.208578,-3.754339,4.356134,-0.014661,-0.009621,-0.00901,32.45,64.2380661630543
78652,-8.195418,-3.746562,4.35733,-0.013897,-0.010079,-0.009774,32.45,64.1940785076368
78662,-8.194819,-3.748955,4.356732,-0.014203,-0.010079,-0.009468,32.51,64.1982827055968
78672,-8.195418,-3.753142,4.359125,-0.01405,-0.009316,-0.008858,32.51,64.1916511551028
78682,-8.201998,-3.765705,4.348955,-0.014508,-0.009621,-0.009163,32.53,64.2719433292172
78692,-8.194221,-3.756134,4.365705,-0.01405,-0.008858,-0.008705,32.53,64.1581576229881
78702,-8.188239,-3.758526,4.370491,-0.014661,-0.00901,-0.008552,32.47,64.1224384644231
78712,-8.190632,-3.753142,4.350152,-0.014813,-0.007941,-0.008552,32.47,64.227063801573
78722,-8.193025,-3.764508,4.359125,-0.015424,-0.006872,-0.008705,32.47,64.1980370909439
78732,-8.204391,-3.756134,4.362714,-0.015272,-0.005956,-0.009163,32.47,64.1965854535764
78742,-8.182258,-3.763312,4.369295,-0.014813,-0.003818,-0.008399,32.48,64.1200126955126
78752,-8.184052,-3.756732,4.365705,-0.014508,-0.002902,-0.008094,32.48,64.1357133589576
78762,-8.186445,-3.760919,4.362714,-0.014813,-0.001374,-0.006567,32.48,64.1609121542556
78772,-8.200802,-3.758526,4.366303,-0.014966,-0.000764,-0.00733,32.48,64.1724724151993
78782,-8.190632,-3.762714,4.357928,-0.013897,0.000153,-0.00672,32.48,64.1969222774413
78792,-8.191828,-3.756732,4.362714,-0.013286,0.000305,-0.007483,32.46,64.1687575396806
78802,-8.177471,-3.758526,4.36391,-0.013134,0.00168,-0.005803,32.46,64.1318925363897
78812,-8.198408,-3.759125,4.361517,-0.012828,0.002749,-0.006567,32.46,64.1923093934979
78822,-8.191828,-3.769294,4.364508,-0.011912,0.003665,-0.004887,32.46,64.1725897386377
78832,-8.184649,-3.752544,4.371687,-0.011759,0.004887,-0.004276,32.48,64.101894473796
78842,-8.192427,-3.760919,4.364508,-0.011606,0.006567,-0.003971,32.48,64.1652295035327
78852,-8.193025,-3.751348,4.358526,-0.010385,0.007178,-0.00336,32.51,64.1874545542188
78862,-8.190632,-3.759723,4.358526,-0.009774,0.00733,-0.003665,32.51,64.1907314459167
78872,-8.188837,-3.760321,4.351946,-0.010232,0.008094,-0.003818,32.47,64.2212036998688
78882,-8.194819,-3.751348,4.352544,-0.009774,0.007789,-0.003512,32.47,64.2223485643017
78892,-8.19123,-3.75733,4.356134,-0.008552,0.009774,-0.001985,32.44,64.2019251180872
78902,-8.195418,-3.75733,4.355535,-0.008552,0.010079,-0.002902,32.44,64.2144915106727
78912,-8.19781,-3.765106,4.353143,-0.00901,0.01069,-0.001222,32.5,64.2402910091078
78922,-8.203793,-3.757928,4.362116,-0.00901,0.011148,-0.002291,32.44,64.2001689406304
78932,-8.19781,-3.761517,4.356732,-0.008399,0.010843,-0.000916,32.44,64.2180796693684
78942,-8.200203,-3.76391,4.356732,-0.008094,0.010843,-0.001527,32.48,64.2259716037214
78952,-8.206783,-3.748357,4.356134,-0.008094,0.010232,-0.000764,32.48,64.227827488694
78962,-8.204391,-3.768696,4.364508,-0.008094,0.009468,-0.001069,32.49,64.2003803384806
78972,-8.204391,-3.751946,4.354938,-0.008094,0.009316,-0.000458,32.49,64.2322872669733
78982,-8.208578,-3.756134,4.35075,-0.008552,0.008705,-0.001069,32.45,64.2676459288996
78992,-8.21157,-3.76391,4.350152,-0.008094,0.007941,-0.001222,32.45,64.2855073848439
79002,-8.221141,-3.757928,4.347759,-0.008552,0.007025,-0.001527,32.49,64.3132209082659
79012,-8.198408,-3.761517,4.338786,-0.008705,0.005956,-0.002596,32.49,64.3119336277385
79022,-8.203195,-3.755535,4.356134,-0.00901,0.004734,-0.002443,32.47,64.2271362587069
79032,-8.20798,-3.753142,4.35733,-0.009774,0.003512,-0.001985,32.47,64.2293200709994
79042,-8.216953,-3.754937,4.34417,-0.009163,0.002138,-0.001833,32.48,64.3191901953539
79052,-8.21157,-3.761517,4.345366,-0.008552,0.001069,-0.002138,32.48,64.3076842596818
79062,-8.210971,-3.747759,4.345366,-0.00901,0.000153,-0.002902,32.48,64.2921467628387
79072,-8.214561,-3.760919,4.348357,-0.009316,-0.001374,-0.003818,32.48,64.2984024815818
79082,-8.206783,-3.756134,4.347759,-0.009774,-0.002443,-0.00504,32.47,64.2790027901098
79092,-8.203793,-3.754937,4.360321,-0.01069,-0.003971,-0.004887,32.47,64.2063104930036
79102,-8.20798,-3.757928,4.355535,-0.009774,-0.004581,-0.004429,32.47,64.2435092957976
79112,-8.20798,-3.761517,4.348955,-0.009927,-0.00504,-0.004581,32.48,64.2811042407164
79122,-8.212766,-3.760321,4.346562,-0.010996,-0.005345,-0.00504,32.48,64.3029845430053
79132,-8.202596,-3.759723,4.351946,-0.011301,-0.006567,-0.005803,32.5,64.2516893984837
79142,-8.19781,-3.756134,4.355535,-0.011606,-0.007636,-0.006872,32.5,64.2186632783474
79152,-8.219346,-3.754339,4.362116,-0.012065,-0.008094,-0.00733,32.46,64.2316087582852
79162,-8.210373,-3.760321,4.348955,-0.011148,-0.008399,-0.008552,32.46,64.2852653019023
79172,-8.194819,-3.764508,4.365705,-0.011301,-0.008247,-0.008399,32.48,64.1682180309779
79182,-8.210373,-3.762115,4.365705,-0.012065,-0.008705,-0.009468,32.48,64.2009190828585
79192,-8.197212,-3.76391,4.359125,-0.012523,-0.008399,-0.010385,32.48,64.2068872829777
79202,-8.199606,-3.762714,4.364508,-0.012981,-0.00901,-0.009927,32.48,64.1833498708658
79212,-8.201998,-3.761517,4.361517,-0.012981,-0.008705,-0.010537,32.46,64.2029126929886
79222,-8.184649,-3.75733,4.35733,-0.012981,-0.008399,-0.010996,32.46,64.1808507603428
79232,-8.192427,-3.766901,4.357928,-0.013744,-0.007789,-0.011454,32.43,64.2053381467532
79242,-8.201998,-3.756134,4.362116,-0.01405,-0.007483,-0.011912,32.43,64.1942485532101
79252,-8.182258,-3.768696,4.365705,-0.013592,-0.006567,-0.011148,32.49,64.1441231666535
79262,-8.196614,-3.756732,4.358526,-0.013592,-0.004734,-0.01069,32.45,64.2011689847596
79272,-8.184649,-3.753741,4.359723,-0.013134,-0.004734,-0.011454,32.45,64.1647804601701
79282,-8.181061,-3.757928,4.367499,-0.013592,-0.002902,-0.010232,32.5,64.1209270504478
79292,-8.194221,-3.757928,4.364508,-0.013134,-0.001069,-0.009621,32.5,64.1661847692483
79302,-8.184649,-3.760321,4.36391,-0.012828,0.000305,-0.00901,32.47,64.150055146025
79312,-8.194221,-3.765705,4.362714,-0.012675,0.000458,-0.008247,32.47,64.1835064490728
79322,-8.18764,-3.749553,4.358526,-0.013286,0.001527,-0.008858,32.45,64.1733817987098
79332,-8.188239,-3.758526,4.362714,-0.012981,0.002138,-0.007483,32.45,64.1624879774051
79342,-8.194221,-3.756732,4.36391,-0.012065,0.00336,-0.006567,32.47,64.1680212479081
79352,-8.185846,-3.761517,4.358526,-0.011912,0.004276,-0.006414,32.47,64.1817568170193
79362,-8.181061,-3.762714,4.357928,-0.011454,0.005651,-0.005192,32.48,64.1752426294974
79372,-8.188837,-3.75733,4.357928,-0.011301,0.006567,-0.004123,32.48,64.1872594072891
79382,-8.185846,-3.759723,4.365705,-0.010996,0.00733,-0.002902,32.48,64.1429006313644
79392,-8.192427,-3.749553,4.360321,-0.010385,0.008705,-0.002749,32.48,64.1749872832577
79402,-8.189436,-3.751946,4.365107,-0.010232,0.009468,-0.000764,32.47,64.1460319767566
79412,-8.19123,-3.754937,4.356732,-0.009163,0.010537,0.000153,32.47,64.1963580703892
79422,-8.191828,-3.760919,4.353143,-0.009468,0.01069,-0.001069,32.53,64.2224215639315
79432,-8.202596,-3.756732,4.359125,-0.009621,0.011454,0.001222,32.53,64.2116193611402
79442,-8.196015,-3.755535,4.361517,-0.008705,0.011912,-0.000305,32.46,64.1831656774687
79452,-8.199606,-3.758526,4.360321,-0.008705,0.012065,-0.000153,32.48,64.2005568950717
79462,-8.200203,-3.748955,4.35075,-0.008552,0.011912,0.001527,32.48,64.2413018182667
79472,-8.204391,-3.745964,4.357928,-0.008858,0.01069,0.000458,32.5,64.2107029775925
79482,-8.205587,-3.74716,4.348357,-0.008247,0.010537,0.000153,32.5,64.2639544349047
79492,-8.194221,-3.755535,4.353143,-0.007789,0.010385,0.000153,32.5,64.2222480340933
79502,-8.206783,-3.748357,4.348357,-0.008247,0.00901,0,32.5,64.2678921579442
79512,-8.209177,-3.757928,4.346562,-0.007789,0.008858,-0.000611,32.48,64.292423807612
79522,-8.197212,-3.759723,4.357928,-0.007483,0.007483,-0.001069,32.48,64.2087055858578
79532,-8.214561,-3.754339,4.351946,-0.008399,0.00672,-0.001527,32.5,64.273136924794
79542,-8.209177,-3.745964,4.345366,-0.008399,0.005803,-0.001985,32.5,64.2862471808848
79552,-8.214561,-3.749553,4.346562,-0.007483,0.004581,-0.00336,32.48,64.2959327462362
79562,-8.203195,-3.762115,4.339384,-0.008247,0.002902,-0.00336,32.48,64.3202600636023
79572,-8.21157,-3.747759,4.347161,-0.008094,0.00168,-0.004887,32.46,64.2842492459999
79582,-8.197212,-3.751946,4.34417,-0.008094,0.001374,-0.005345,32.46,64.2715600776238
79592,-8.215158,-3.762115,4.349553,-0.008552,-0.000153,-0.005498,32.5,64.294823910439
79602,-8.200802,-3.766303,4.353143,-0.008399,-0.001374,-0.006109,32.5,64.2482898548696
79612,-8.20798,-3.759125,4.343571,-0.008705,-0.003054,-0.006872,32.5,64.306372654743
79622,-8.213365,-3.757928,4.345964,-0.00901,-0.004276,-0.008552,32.48,64.3049462686154
79632,-8.21157,-3.754937,4.342375,-0.008399,-0.005192,-0.00901,32.48,64.3163085620599
79642,-8.209774,-3.762115,4.351946,-0.008858,-0.005192,-0.009316,32.49,64.2703657300067
79652,-8.196015,-3.765106,4.364508,-0.009468,-0.006261,-0.009316,32.49,64.1777085815032
79662,-8.210971,-3.751348,4.354938,-0.010537,-0.007483,-0.009316,32.45,64.2465414402548
79672,-8.208578,-3.762115,4.358526,-0.01069,-0.008094,-0.010843,32.45,64.233795583419
79682,-8.206185,-3.752544,4.353741,-0.010385,-0.008094,-0.010996,32.48,64.2431262963361
79692,-8.208578,-3.76391,4.36391,-0.010232,-0.008858,-0.010232,32.48,64.2079539524053
79702,-8.204989,-3.766901,4.357928,-0.011148,-0.008247,-0.010537,32.52,64.2337264351568
79712,-8.196015,-3.756134,4.358526,-0.011301,-0.008247,-0.010079,32.52,64.1991926328114
79722,-8.204989,-3.762115,4.362116,-0.012065,-0.008247,-0.011454,32.5,64.207212491178
79732,-8.20798,-3.750151,4.364508,-0.011454,-0.007941,-0.011759,32.5,64.1892829326784
79742,-8.197212,-3.766901,4.360321,-0.011912,-0.00672,-0.010996,32.48,64.2038360641319
79752,-8.190034,-3.757928,4.362714,-0.011759,-0.006109,-0.011301,32.48,64.1659348709811
79762,-8.187043,-3.76391,4.35733,-0.010996,-0.006567,-0.011301,32.5,64.1931228368242
79772,-8.190632,-3.753741,4.360321,-0.011606,-0.00504,-0.011148,32.5,64.1752662897295
79782,-8.188239,-3.76391,4.36391,-0.011759,-0.00336,-0.011301,32.46,64.1619329392869
79792,-8.190034,-3.764508,4.362714,-0.011301,-0.002443,-0.01069,32.46,64.1727815461118
79802,-8.18764,-3.760919,4.35733,-0.010996,-0.00168,-0.009927,32.46,64.1913621843903
79812,-8.179864,-3.763312,4.359723,-0.01069,-0.00168,-0.009774,32.47,64.163899211444
79822,-8.178668,-3.762115,4.364508,-0.010385,0,-0.008858,32.47,64.1352747299529
79832,-8.188837,-3.760321,4.360321,-0.009774,0.000611,-0.008094,32.46,64.1780391633169
79842,-8.176873,-3.754937,4.364508,-0.010537,0.001985,-0.007636,32.46,64.123706096941
79852,-8.184052,-3.764508,4.363312,-0.009927,0.003054,-0.006872,32.48,64.1561467280192
79862,-8.179864,-3.756732,4.356732,-0.009316,0.003665,-0.006261,32.48,64.1724611948816
79872,-8.185248,-3.760919,4.359723,-0.00901,0.004581,-0.006109,32.49,64.1736102591757
79882,-8.190034,-3.760321,4.361517,-0.008399,0.005803,-0.004887,32.49,64.1745897369193
79892,-8.192427,-3.761517,4.359723,-0.008094,0.006261,-0.003054,32.48,64.1904940584798
79902,-8.196614,-3.765705,4.356732,-0.008858,0.007025,-0.003971,32.48,64.2197229668812
79912,-8.195418,-3.751946,4.359723,-0.008858,0.007025,-0.003665,32.5,64.1873299825077
79922,-8.202596,-3.760321,4.364508,-0.007941,0.008552,-0.003054,32.5,64.1876318261575
79932,-8.194221,-3.764508,4.358526,-0.008247,0.009927,-0.002596,32.48,64.2038281731496
79942,-8.196614,-3.768696,4.357928,-0.008399,0.010537,-0.001527,32.48,64.2166707901049
79952,-8.196015,-3.754339,4.356134,-0.008247,0.011148,-0.000153,32.49,64.2096541605184
79962,-8.193025,-3.764508,4.358526,-0.007789,0.011606,-0.000764,32.48,64.2011224182786
79972,-8.207382,-3.75733,4.356732,-0.008399,0.011606,-0.001527,32.48,64.2353775117658
79982,-8.2014,-3.759125,4.354339,-0.008094,0.011301,-0.000458,32.48,64.2360411975546
79992,-8.199007,-3.753741,4.353143,-0.008094,0.011759,0,32.48,64.2312164599937
80002,-8.204989,-3.75733,4.36391,-0.008094,0.010843,0.000153,32.45,64.1930225304894
80012,-8.199007,-3.751946,4.351348,-0.008094,0.010385,-0.000611,32.45,64.2386087728819
80022,-8.224131,-3.748955,4.350152,-0.007636,0.010079,-0.001222,32.5,64.2984117901626
80032,-8.218747,-3.748357,4.34417,-0.007483,0.009316,-0.000305,32.5,64.3164637120071
80042,-8.205587,-3.748955,4.342973,-0.007178,0.00733,-0.000916,32.47,64.2935612895356
80052,-8.199606,-3.752544,4.356134,-0.006872,0.00733,-0.001833,32.47,64.2159214295569
80062,-8.221141,-3.75075,4.351348,-0.00733,0.006109,-0.001833,32.45,64.2873605211006
80072,-8.219346,-3.744768,4.352544,-0.007789,0.005345,-0.002138,32.45,64.2710006965514
80082,-8.212168,-3.756134,4.341179,-0.006872,0.004276,-0.002596,32.48,64.3250535568705
80092,-8.206185,-3.759723,4.353143,-0.00733,0.003054,-0.003512,32.48,64.253628957899
80102,-8.205587,-3.745365,4.357928,-0.00733,0.001833,-0.004429,32.49,64.2127913032174
80112,-8.20798,-3.760321,4.348955,-0.008399,0.000305,-0.005192,32.49,64.2798681389532
80122,-8.21157,-3.758526,4.359723,-0.008399,-0.000458,-0.005345,32.48,64.2306808192787
80132,-8.212766,-3.759125,4.360321,-0.00901,-0.001527,-0.006567,32.45,64.2309244061976
80142,-8.219944,-3.767499,4.353143,-0.009774,-0.00336,-0.00733,32.45,64.2926839665687
80152,-8.21157,-3.762115,4.351348,-0.010079,-0.003054,-0.008094,32.51,64.2774951434961
80162,-8.201998,-3.754339,4.354339,-0.009774,-0.003512,-0.008094,32.51,64.2324374898744
80172,-8.209774,-3.762115,4.358526,-0.01069,-0.004123,-0.007636,32.48,64.2364961465939
80182,-8.213962,-3.753741,4.350152,-0.011148,-0.004734,-0.009316,32.48,64.2804061370591
80192,-8.213962,-3.754937,4.359723,-0.011912,-0.005651,-0.009621,32.46,64.2323755173642
80202,-8.190632,-3.76391,4.354339,-0.012065,-0.005498,-0.009163,32.46,64.2166597064273
80212,-8.200802,-3.759723,4.361517,-0.01237,-0.006414,-0.009621,32.48,64.1983468666623
80222,-8.194221,-3.756732,4.354339,-0.012523,-0.007178,-0.009468,32.48,64.2173255668275
80232,-8.195418,-3.762115,4.354938,-0.012065,-0.007483,-0.010232,32.46,64.2225329391587
80242,-8.192427,-3.762714,4.354339,-0.012065,-0.007483,-0.009927,32.46,64.2194771011849
80252,-8.199007,-3.751946,4.348357,-0.01237,-0.007025,-0.009927,32.46,64.2540266042804
80262,-8.190034,-3.752544,4.354938,-0.011759,-0.00672,-0.009468,32.46,64.2004113854911
80272,-8.204391,-3.765705,4.36391,-0.01237,-0.006872,-0.009774,32.49,64.2003528639247
80282,-8.190632,-3.768098,4.357928,-0.012981,-0.006414,-0.00901,32.49,64.20252316555
80292,-8.188837,-3.752544,4.351946,-0.012217,-0.006261,-0.008247,32.5,64.213126959285
80302,-8.192427,-3.764508,4.366901,-0.01237,-0.00504,-0.007789,32.51,64.1566444118373
80312,-8.182856,-3.764508,4.356134,-0.01237,-0.004123,-0.008399,32.51,64.1904282839533
80322,-8.193623,-3.772883,4.357928,-0.012217,-0.003207,-0.007636,32.46,64.2142651953329
80332,-8.179864,-3.764508,4.354339,-0.012217,-0.002596,-0.007636,32.46,64.1929060680073
80342,-8.190632,-3.76391,4.365705,-0.012523,-0.001527,-0.006872,32.5,64.1581120655465
80352,-8.18764,-3.756732,4.370491,-0.012523,-0.000611,-0.006414,32.5,64.1192099555883
80362,-8.190034,-3.765106,4.364508,-0.012523,0.000611,-0.006109,32.49,64.1641658501769
80372,-8.19123,-3.764508,4.363312,-0.012675,0.00168,-0.005498,32.49,64.1724106645362
80382,-8.187043,-3.754937,4.36391,-0.012065,0.002749,-0.005803,32.51,64.1498794073949
80392,-8.196614,-3.765705,4.36391,-0.011912,0.003665,-0.006414,32.51,64.1827649267982
80402,-8.188837,-3.765705,4.353741,-0.011759,0.004734,-0.005498,32.47,64.2175479360226
80412,-8.198408,-3.766303,4.362714,-0.011606,0.005498,-0.004734,32.47,64.1936007962422
80422,-8.191828,-3.76391,4.353741,-0.010996,0.006261,-0.004734,32.49,64.222446703846
80432,-8.204391,-3.766303,4.360321,-0.011454,0.006567,-0.004734,32.49,64.2194401152119
80442,-8.195418,-3.757928,4.352544,-0.011759,0.006872,-0.005345,32.49,64.2305249518376
80452,-8.196015,-3.754937,4.359723,-0.011606,0.008399,-0.005803,32.49,64.1917849665909
80462,-8.188837,-3.755535,4.359125,-0.010843,0.008705,-0.005345,32.49,64.1792247610277
80472,-8.194819,-3.753142,4.362714,-0.011148,0.008247,-0.004887,32.49,64.1718075181689
80482,-8.199007,-3.75075,4.357928,-0.009927,0.008399,-0.004429,32.46,64.2034657633867
80492,-8.200203,-3.754339,4.354938,-0.010996,0.007789,-0.004734,32.5,64.2252923722123
80502,-8.187043,-3.75733,4.362714,-0.010232,0.008247,-0.004276,32.5,64.1585314752882
80512,-8.20798,-3.756134,4.356732,-0.010079,0.008247,-0.004581,32.47,64.2354917898509
80522,-8.18764,-3.765705,4.356134,-0.009316,0.006414,-0.003665,32.47,64.2025063315488
80532,-8.200203,-3.756732,4.35075,-0.008705,0.007178,-0.002749,32.49,64.2493487483831
80542,-8.204391,-3.75075,4.351348,-0.009163,0.00672,-0.00336,32.49,64.2495452764289
80552,-8.19781,-3.752544,4.358526,-0.008552,0.005803,-0.003207,32.49,64.1995338571363
80562,-8.19781,-3.75075,4.354938,-0.008399,0.006414,-0.001374,32.49,64.216160860614
80572,-8.202596,-3.747759,4.353143,-0.008399,0.006109,-0.002596,32.46,64.2331461079294
80582,-8.204989,-3.764508,4.344768,-0.008247,0.005192,-0.002596,32.46,64.2990240093704
80592,-8.209177,-3.750151,4.354938,-0.008552,0.004887,-0.002443,32.49,64.2412519418634
80602,-8.212168,-3.748357,4.356732,-0.008399,0.003818,-0.001833,32.49,64.2369237988886
80612,-8.212766,-3.748955,4.350152,-0.00733,0.004123,-0.001374,32.46,64.2727734824263
80622,-8.213365,-3.762115,4.358526,-0.008399,0.002596,-0.002138,32.46,64.2446018517238
80632,-8.209177,-3.763312,4.342375,-0.008094,0.001985,-0.003207,32.53,64.3195565588262
80642,-8.206185,-3.754339,4.35733,-0.007941,0.000458,-0.003512,32.53,64.2264999676535
80652,-8.203195,-3.75075,4.351348,-0.008094,-0.000153,-0.002443,32.46,64.2468417009153
80662,-8.208578,-3.759723,4.353143,-0.007789,-0.001527,-0.00336,32.48,64.2590311290157
80672,-8.21157,-3.756134,4.353741,-0.008399,-0.002902,-0.004123,32.48,64.2589977329947
80682,-8.206783,-3.760919,4.360321,-0.008552,-0.002749,-0.004123,32.46,64.2192651325233
80692,-8.19781,-3.752544,4.355535,-0.00901,-0.003665,-0.00504,32.46,64.214942971575
80702,-8.206185,-3.757928,4.354938,-0.009316,-0.003818,-0.005345,32.43,64.2425286950215
80712,-8.207382,-3.762115,4.356732,-0.009316,-0.004581,-0.005345,32.43,64.2403283810992
80722,-8.205587,-3.758526,4.354339,-0.009927,-0.004887,-0.006261,32.46,64.2448810708583
80732,-8.198408,-3.76391,4.351946,-0.01069,-0.00504,-0.007025,32.46,64.2465681637977
80742,-8.203195,-3.760321,4.362116,-0.011148,-0.00504,-0.00672,32.48,64.2012965709026
80752,-8.20798,-3.75733,4.353143,-0.010996,-0.005803,-0.007941,32.48,64.2552074606559
80762,-8.2014,-3.763312,4.360321,-0.011606,-0.005498,-0.007789,32.48,64.2095786722268
80772,-8.209177,-3.761517,4.356134,-0.012523,-0.005345,-0.008247,32.48,64.2468403042724
80782,-8.204391,-3.763312,4.354339,-0.011301,-0.00504,-0.008552,32.48,64.2471343237555
80792,-8.209177,-3.762714,4.354938,-0.012065,-0.004581,-0.009163,32.48,64.2542347331474
80802,-8.201998,-3.75733,4.36391,-0.01237,-0.004887,-0.009316,32.46,64.1862543019081
80812,-8.19123,-3.748955,4.367499,-0.013134,-0.005345,-0.010232,32.46,64.1346754986715
80822,-8.191828,-3.756732,4.362714,-0.012828,-0.003512,-0.010537,32.48,64.1687575396806
80832,-8.190632,-3.759723,4.357928,-0.012828,-0.003971,-0.010385,32.44,64.1938126681586
80842,-8.199606,-3.759723,4.361517,-0.012675,-0.00336,-0.009316,32.44,64.1956409202371
80852,-8.192427,-3.751946,4.361517,-0.013134,-0.002138,-0.009774,32.48,64.1713093875077
80862,-8.183454,-3.754339,4.362714,-0.012523,-0.00168,-0.010537,32.48,64.1472751318051
80872,-8.190632,-3.760919,4.36391,-0.013286,-0.000764,-0.008705,32.45,64.1642416835823
80882,-8.186445,-3.766901,4.368696,-0.013134,0,-0.009927,32.45,64.1363407351309
80892,-8.19123,-3.765106,4.363312,-0.012981,0.000611,-0.009927,32.48,64.1730330792165
80902,-8.193623,-3.759125,4.366303,-0.012828,0.00168,-0.00901,32.48,64.1568324070042
80912,-8.17807,-3.762714,4.360321,-0.012675,0.002596,-0.007636,32.44,64.1561238313493
80922,-8.179864,-3.752544,4.359125,-0.013134,0.00336,-0.00733,32.44,64.1557583764216
80932,-8.191828,-3.756134,4.366901,-0.012065,0.00336,-0.006414,32.47,64.1465740637312
80942,-8.18764,-3.75075,4.361517,-0.012065,0.003818,-0.006414,32.47,64.159209644981
80952,-8.190632,-3.755535,4.354938,-0.011606,0.004276,-0.005956,32.45,64.2048712218967
80962,-8.192427,-3.752544,4.354938,-0.01069,0.005651,-0.004429,32.45,64.2058320893163
80972,-8.193025,-3.760321,4.365705,-0.01069,0.005956,-0.004123,32.46,64.1597995682865
80982,-8.19123,-3.753741,4.361517,-0.010385,0.006414,-0.004887,32.46,64.1704599709731
80992,-8.187043,-3.763312,4.359125,-0.010232,0.00672,-0.002902,32.49,64.1832504284387
81002,-8.190034,-3.753741,4.358526,-0.010079,0.00733,-0.002596,32.51,64.1831604560379
81012,-8.190034,-3.760321,4.363312,-0.009927,0.007789,-0.002138,32.51,64.1653440995136
81022,-8.199007,-3.759125,4.351946,-0.00901,0.00733,-0.002138,32.5,64.2429614203682
81032,-8.191828,-3.769892,4.354339,-0.008705,0.007941,-0.000611,32.5,64.2255841286843
81042,-8.196015,-3.759723,4.350152,-0.009316,0.007941,0.000153,32.47,64.2460646410688
81052,-8.182856,-3.753741,4.360321,-0.008399,0.007941,0,32.47,64.157629617678
81062,-8.203793,-3.760321,4.341777,-0.008552,0.007483,0.000153,32.49,64.307415469889
81072,-8.199606,-3.751946,4.355535,-0.008705,0.006872,0,32.49,64.2183881242492
81082,-8.20798,-3.753142,4.354938,-0.008399,0.006872,-0.000611,32.48,64.2416361361451
81092,-8.203793,-3.745964,4.359723,-0.008247,0.007178,-0.000916,32.48,64.2001048303406
81102,-8.205587,-3.752544,4.342973,-0.008858,0.006261,-0.000458,32.51,64.2972643156488
81112,-8.196614,-3.749553,4.355535,-0.008094,0.004887,0.000305,32.51,64.2091367668219
81122,-8.206185,-3.743571,4.35075,-0.008094,0.004734,-0.001069,32.48,64.2492704168706
81132,-8.204391,-3.75075,4.35075,-0.008094,0.004276,-0.000458,32.48,64.2526265561215
81142,-8.210373,-3.75733,4.347759,-0.007789,0.002749,-0.001222,32.45,64.2883374240799
81152,-8.202596,-3.760919,4.349553,-0.007483,0.001833,-0.001985,32.45,64.2652560611488
81162,-8.206185,-3.753142,4.35075,-0.008705,0,-0.00336,32.48,64.2591514983746
81172,-8.215158,-3.758526,4.348955,-0.008247,0.000305,-0.004123,32.45,64.2942005901728
81182,-8.204391,-3.752544,4.345964,-0.008247,-0.001069,-0.004429,32.45,64.2791454774182
81192,-8.209774,-3.765106,4.351946,-0.009316,-0.001833,-0.004581,32.46,64.273458082491
81202,-8.213962,-3.749553,4.353741,-0.009774,-0.002749,-0.006109,32.46,64.2576087079558
81212,-8.209177,-3.755535,4.352544,-0.009316,-0.003207,-0.006109,32.52,64.2591400942287
81222,-8.213962,-3.755535,4.364508,-0.009316,-0.003665,-0.00733,32.52,64.2083794464886
81232,-8.210373,-3.759125,4.362714,-0.009774,-0.004276,-0.007483,32.45,64.2132080189859
81242,-8.199606,-3.753741,4.35733,-0.010232,-0.005192,-0.008552,32.45,64.2110003389765
81252,-8.196614,-3.763312,4.359125,-0.010996,-0.005803,-0.00901,32.49,64.2049137716588
81262,-8.204391,-3.756134,4.350152,-0.011148,-0.004887,-0.008705,32.49,64.2612727116683
81272,-8.20798,-3.754937,4.356732,-0.011912,-0.005345,-0.009163,32.46,64.2342542446724
81282,-8.208578,-3.767499,4.354339,-0.011606,-0.005345,-0.009468,32.46,64.2609180010469
81292,-8.2014,-3.75733,4.360919,-0.01237,-0.005651,-0.010079,32.48,64.2002970949015
81302,-8.200802,-3.760919,4.356732,-0.011912,-0.005651,-0.009468,32.48,64.2242238983185
81312,-8.201998,-3.759723,4.366303,-0.011759,-0.005498,-0.009468,32.49,64.1764219763523
81322,-8.188239,-3.765705,4.362714,-0.01237,-0.005345,-0.009316,32.49,64.1699624414302
81332,-8.191828,-3.760321,4.36391,-0.012523,-0.005345,-0.010079,32.49,64.1663296203523
81342,-8.193025,-3.75075,4.36391,-0.013592,-0.003818,-0.009316,32.51,64.159097022117
81352,-8.190034,-3.765106,4.360321,-0.013592,-0.002596,-0.009468,32.51,64.1857291711593
81362,-8.190034,-3.757928,4.360321,-0.013897,-0.002596,-0.008858,32.45,64.178262480016
81372,-8.193025,-3.753741,4.369893,-0.013744,-0.001527,-0.007941,32.45,64.1313981781878
81382,-8.190632,-3.760919,4.357928,-0.014203,-0.000916,-0.007789,32.5,64.1950559347271
81392,-8.184649,-3.758526,4.351946,-0.014508,-0.000458,-0.007483,32.5,64.2098567842091
81402,-8.185846,-3.760321,4.35733,-0.014203,0.000458,-0.006872,32.42,64.1866761089194
81412,-8.196614,-3.759723,4.354938,-0.013744,0.000764,-0.007025,32.42,64.2227554131565
81422,-8.183454,-3.76391,4.361517,-0.014355,0.001985,-0.007789,32.45,64.1634158775503
81432,-8.188239,-3.759723,4.357928,-0.013744,0.002749,-0.005651,32.45,64.1883929876866
81442,-8.192427,-3.769294,4.355535,-0.012828,0.002443,-0.005498,32.47,64.2201541939234
81452,-8.197212,-3.760919,4.359723,-0.012828,0.002749,-0.005498,32.47,64.2007024818052
81462,-8.203195,-3.754339,4.353741,-0.012523,0.003818,-0.004734,32.47,64.2382241637671
81472,-8.188837,-3.760321,4.35733,-0.01237,0.004429,-0.003207,32.47,64.193451091779
81482,-8.204391,-3.762115,4.359125,-0.01237,0.004581,-0.004123,32.45,64.2212543915321
81492,-8.199606,-3.75733,4.361517,-0.011759,0.005345,-0.003665,32.45,64.1931586150058
81502,-8.199606,-3.743571,4.358526,-0.011606,0.005803,-0.002902,32.48,64.1943102245759
81512,-8.182856,-3.751348,4.362116,-0.010843,0.005956,-0.002596,32.48,64.1458857459166
81522,-8.193623,-3.756732,4.36391,-0.010843,0.00672,-0.002138,32.42,64.1666661137793
81532,-8.204391,-3.75733,4.361517,-0.010843,0.006872,-0.002138,32.47,64.2039850369583
81542,-8.203195,-3.75733,4.349553,-0.010843,0.006109,-0.002902,32.47,64.2628948859883
81552,-8.204391,-3.759723,4.347161,-0.010537,0.006567,-0.00168,32.45,64.2803953718725
81562,-8.196614,-3.765106,4.352544,-0.010079,0.007025,-0.001222,32.45,64.2406750910201
81572,-8.191828,-3.754339,4.345964,-0.010996,0.006109,-0.001985,32.47,64.2526119899427
81582,-8.205587,-3.761517,4.35733,-0.010996,0.006414,-0.001374,32.47,64.2325770563591
81592,-8.203195,-3.751946,4.351946,-0.010843,0.005651,-0.001069,32.48,64.2449968254901
81602,-8.191828,-3.757928,4.351946,-0.011454,0.004887,-0.000916,32.48,64.2254863658457
81612,-8.204989,-3.755535,4.347759,-0.010996,0.004734,-0.001374,32.5,64.2743343454672
81622,-8.198408,-3.750151,4.359723,-0.010843,0.004429,-0.000764,32.5,64.192242580752
81632,-8.207382,-3.758526,4.356134,-0.011148,0.003512,-0.000916,32.52,64.2396932247814
81642,-8.203195,-3.762714,4.35733,-0.010079,0.003207,-0.000764,32.52,64.2284131851892
81652,-8.203195,-3.765106,4.359125,-0.011301,0.002596,-0.000916,32.49,64.2216524381831
81662,-8.209177,-3.748357,4.356134,-0.011606,0.001374,-0.001985,32.49,64.2332411983038
81672,-8.210373,-3.761517,4.353143,-0.012217,0.001069,-0.002749,32.44,64.2649361271018
81682,-8.216354,-3.757928,4.352544,-0.011606,-0.001069,-0.003207,32.44,64.2778040344494
81692,-8.21157,-3.751348,4.351348,-0.010843,-0.001833,-0.003054,32.46,64.266380621772
81702,-8.203793,-3.762714,4.352544,-0.011912,-0.00336,-0.00336,32.48,64.2544089122269
81712,-8.198408,-3.762714,4.360919,-0.011606,-0.003971,-0.004123,32.48,64.199113459612
81722,-8.2014,-3.756732,4.356732,-0.012523,-0.004429,-0.004429,32.45,64.2212371545579
81732,-8.204391,-3.757928,4.360321,-0.012217,-0.004734,-0.004887,32.45,64.2107605050146
81742,-8.203195,-3.768098,4.350152,-0.012065,-0.005345,-0.005192,32.48,64.2709564138629
81752,-8.215756,-3.765106,4.356134,-0.011912,-0.005345,-0.005651,32.48,64.265391535323
81762,-8.199007,-3.757928,4.359125,-0.011912,-0.005651,-0.005956,32.47,64.2047399685894
81772,-8.194819,-3.750151,4.35733,-0.012828,-0.006414,-0.005956,32.47,64.1964408645019
81782,-8.207382,-3.755535,4.357928,-0.013286,-0.006567,-0.006872,32.46,64.2273639736971
81792,-8.199007,-3.761517,4.360321,-0.013744,-0.00672,-0.006567,32.46,64.2023047776046
81802,-8.193623,-3.76391,4.360919,-0.014355,-0.006567,-0.007178,32.46,64.1895291625172
81812,-8.196614,-3.762115,4.359723,-0.014203,-0.006567,-0.00672,32.46,64.2005912526593
81822,-8.2014,-3.754937,4.354339,-0.01405,-0.006872,-0.007483,32.43,64.2317043467174
81832,-8.2014,-3.756134,4.353741,-0.014661,-0.006414,-0.007178,32.43,64.2360242037284
81842,-8.201998,-3.756732,4.362116,-0.014508,-0.005956,-0.008094,32.46,64.1948683429387
81852,-8.191828,-3.760919,4.358526,-0.014355,-0.005345,-0.007483,32.46,64.1946826728629
81862,-8.196015,-3.751946,4.358526,-0.015882,-0.004734,-0.007025,32.5,64.1948488968604
81872,-8.198408,-3.765106,4.366303,-0.01573,-0.004276,-0.007636,32.47,64.1738866873412
81882,-8.205587,-3.764508,4.364508,-0.015272,-0.00336,-0.007483,32.47,64.1987382998798
81892,-8.200802,-3.748357,4.36391,-0.01573,-0.002291,-0.00733,32.47,64.1742466981143
81902,-8.190632,-3.761517,4.361517,-0.015272,-0.002138,-0.008094,32.47,64.1771885214276
81912,-8.195418,-3.760321,4.357928,-0.01573,-0.001069,-0.007483,32.46,64.20526731808
81922,-8.188239,-3.762115,4.361517,-0.016188,-0.000305,-0.007025,32.46,64.1723897303909
81932,-8.197212,-3.751348,4.361517,-0.015577,0.000153,-0.007941,32.5,64.1815338472883
81942,-8.185248,-3.754937,4.360919,-0.016035,0.000611,-0.00733,32.5,64.1612193093079
81952,-8.181061,-3.76391,4.361517,-0.015424,0.001833,-0.006872,32.49,64.1579906523791
81962,-8.182856,-3.760919,4.353143,-0.015272,0.002291,-0.005651,32.49,64.2021124883003
81972,-8.187043,-3.765106,4.359125,-0.015119,0.00336,-0.005345,32.49,64.1851184645581
81982,-8.195418,-3.753741,4.354938,-0.015272,0.003207,-0.005956,32.49,64.2138457167254
81992,-8.195418,-3.758526,4.350152,-0.014966,0.003665,-0.005498,32.48,64.2434741195088
82002,-8.179864,-3.751946,4.351946,-0.014203,0.004276,-0.004734,32.48,64.1921676277459
82012,-8.18764,-3.75733,4.345964,-0.01405,0.004887,-0.003665,32.46,64.2462417319173
82022,-8.19781,-3.756134,4.355535,-0.014661,0.004887,-0.003054,32.46,64.2186632783474
82032,-8.204989,-3.756732,4.356732,-0.013744,0.005498,-0.003207,32.46,64.2293512053789
82042,-8.204989,-3.759723,4.362714,-0.012981,0.005651,-0.002443,32.47,64.2016563429871
82052,-8.207382,-3.755535,4.353741,-0.013592,0.005956,-0.003512,32.47,64.2489221254698
82062,-8.199606,-3.762115,4.354339,-0.012981,0.005956,-0.001374,32.46,64.235085661159
82072,-8.190034,-3.758526,4.351348,-0.012675,0.005651,-0.000764,32.46,64.2251309701847
82082,-8.197212,-3.753741,4.362116,-0.012065,0.005651,-0.000611,32.48,64.1809308959221
82092,-8.208578,-3.756134,4.354938,-0.011759,0.005498,-0.000611,32.48,64.2460790244128
82102,-8.198408,-3.753741,4.359723,-0.011606,0.005192,-0.000153,32.48,64.1959632262014
82112,-8.196015,-3.744768,4.347161,-0.011301,0.004581,-0.000916,32.48,64.2460016116583
82122,-8.216354,-3.744768,4.348955,-0.011301,0.003665,-0.000764,32.45,64.2827273418555
82132,-8.199606,-3.752544,4.351348,-0.010843,0.003054,-0.000153,32.45,64.240582343766
82142,-8.198408,-3.759723,4.347161,-0.010996,0.003054,-0.001069,32.42,64.2668888852036
82152,-8.208578,-3.768696,4.359125,-0.010996,0.002291,-0.000458,32.42,64.2375279539135
82162,-8.206783,-3.748955,4.353741,-0.01069,0.002138,-0.001374,32.46,64.2407701642642
82172,-8.212168,-3.761517,4.349553,-0.010232,0.001374,-0.001222,32.46,64.2874679640452
82182,-8.20798,-3.748955,4.347161,-0.009774,0.001069,0,32.47,64.2773763769555
82192,-8.222935,-3.748955,4.348955,-0.010079,0.000458,-0.000611,32.47,64.3018773386692
82202,-8.205587,-3.764508,4.35733,-0.010537,-0.001374,-0.002443,32.49,64.2356749451596
82212,-8.21157,-3.760321,4.353741,-0.010385,-0.001527,-0.001833,32.49,64.2633222966133
82222,-8.202596,-3.75733,4.350152,-0.01069,-0.001527,-0.001833,32.49,64.2584555726333
82232,-8.20798,-3.762714,4.354339,-0.010843,-0.002902,-0.001527,32.49,64.254616981088
82242,-8.208578,-3.756134,4.359723,-0.011301,-0.003207,-0.001527,32.49,64.2214473384092
82252,-8.194819,-3.751348,4.348955,-0.011301,-0.004581,-0.000916,32.46,64.2408526707597
82262,-8.200802,-3.752544,4.352544,-0.011301,-0.003971,-0.001833,32.46,64.2371235650295
82272,-8.201998,-3.746562,4.359723,-0.011912,-0.005192,-0.002902,32.5,64.1966581440898
82282,-8.19781,-3.754937,4.353741,-0.011912,-0.006109,-0.002291,32.5,64.2266662791597
82292,-8.196015,-3.757928,4.354339,-0.01237,-0.006261,-0.001222,32.44,64.2226250657495
82302,-8.198408,-3.762714,4.351946,-0.012675,-0.006109,-0.000611,32.44,64.2453279723501
82312,-8.199007,-3.754339,4.356732,-0.013134,-0.006872,-0.002138,32.5,64.2133448015771
82322,-8.19781,-3.748357,4.360321,-0.012828,-0.006261,-0.002138,32.5,64.1859487694458
82332,-8.204391,-3.755535,4.350152,-0.012828,-0.006414,-0.002596,32.49,64.2606533905859
82342,-8.205587,-3.759723,4.356134,-0.013286,-0.006567,-0.002596,32.49,64.2368770621481
82352,-8.198408,-3.758526,4.35733,-0.01405,-0.007025,-0.003512,32.46,64.2132495207518
82362,-8.201998,-3.765705,4.359723,-0.01405,-0.006261,-0.004429,32.46,64.2164910243175
82372,-8.205587,-3.760321,4.354339,-0.014203,-0.006567,-0.005803,32.5,64.2467384586095
82382,-8.190034,-3.760919,4.356732,-0.013897,-0.005192,-0.005498,32.44,64.1998648943114
82392,-8.19781,-3.754937,4.365107,-0.014355,-0.005192,-0.005803,32.44,64.1681268136178
82402,-8.193623,-3.753741,4.363312,-0.01405,-0.005192,-0.00733,32.48,64.1666387399941
82412,-8.199606,-3.755535,4.36391,-0.014813,-0.003818,-0.007025,32.48,64.1789774009529
82422,-8.204989,-3.745964,4.359723,-0.015272,-0.004123,-0.007636,32.48,64.2028129749304
82432,-8.196614,-3.751348,4.360919,-0.014813,-0.003207,-0.008247,32.48,64.1832588750936
82442,-8.199007,-3.760919,4.362714,-0.015272,-0.00168,-0.008094,32.49,64.1893645950306
82452,-8.197212,-3.760321,4.362714,-0.015577,-0.001833,-0.008705,32.49,64.1846810965025
82462,-8.184052,-3.756732,4.364508,-0.015882,-0.000305,-0.008094,32.48,64.141880330397
82472,-8.204989,-3.757928,4.366303,-0.016035,0,-0.007941,32.48,64.1813298583411
82482,-8.188239,-3.751348,4.354339,-0.016188,0.001222,-0.008858,32.46,64.1981906083985
82492,-8.187043,-3.764508,4.358526,-0.016493,0.001374,-0.009163,32.46,64.1875822149762
82502,-8.185846,-3.750151,4.357928,-0.016493,0.002902,-0.007941,32.48,64.1730163398168
82512,-8.186445,-3.760321,4.356134,-0.016341,0.003665,-0.007941,32.48,64.1941979046236
82522,-8.192427,-3.751946,4.361517,-0.016341,0.004429,-0.007483,32.46,64.1713093875077
82532,-8.194819,-3.747759,4.353741,-0.016952,0.004734,-0.007483,32.46,64.212459704284
82542,-8.196614,-3.758526,4.354339,-0.016646,0.005803,-0.005651,32.48,64.2246001043524
82552,-8.19781,-3.753741,4.362714,-0.015577,0.006872,-0.005803,32.48,64.1792062383596
82562,-8.188239,-3.756134,4.355535,-0.015882,0.00733,-0.004581,32.48,64.1969958462813
82572,-8.18764,-3.755535,4.357928,-0.014966,0.008094,-0.003971,32.48,64.1826808205932
82582,-8.190034,-3.75075,4.359723,-0.015577,0.007941,-0.003818,32.48,64.1738851968845
82592,-8.2014,-3.749553,4.350152,-0.014203,0.008094,-0.003054,32.48,64.2477095249796
82602,-8.203195,-3.753741,4.35733,-0.013744,0.008094,-0.002443,32.48,64.2191200919609
82612,-8.196614,-3.762115,4.354339,-0.012828,0.007941,-0.001527,32.48,64.2283231431216
82622,-8.187043,-3.762115,4.350152,-0.012828,0.007025,-0.001069,32.48,64.2282597357467
82632,-8.198408,-3.756732,4.360919,-0.012675,0.007025,-0.000916,32.5,64.1929057040841
82642,-8.200802,-3.764508,4.353143,-0.012981,0.005651,-0.000305,32.5,64.2464288265738
82652,-8.210373,-3.754937,4.359125,-0.012065,0.005345,0,32.47,64.227344119598
82662,-8.202596,-3.761517,4.349553,-0.011912,0.00504,0.000611,32.47,64.2658750715797
82672,-8.210971,-3.765106,4.357928,-0.011912,0.003971,0.001374,32.48,64.2453696176997
82682,-8.200802,-3.76391,4.348357,-0.012675,0.00336,-0.000153,32.48,64.2704663448891
82692,-8.2014,-3.760919,4.343571,-0.012981,0.002749,0,32.49,64.293387688057
82702,-8.201998,-3.763312,4.343571,-0.012523,0.001985,0.000458,32.49,64.297212376383
82712,-8.213962,-3.759125,4.356732,-0.012828,0.001069,-0.000611,32.45,64.252090351253
82722,-8.215158,-3.764508,4.356134,-0.012828,-0.001527,-0.000611,32.45,64.2634255446534
82732,-8.210373,-3.756732,4.354339,-0.013744,-0.002138,-0.001833,32.49,64.2538343807143
82742,-8.203793,-3.76391,4.351348,-0.013744,-0.002749,-0.002749,32.48,64.2618074283379
82752,-8.191828,-3.752544,4.352544,-0.013439,-0.003971,-0.004123,32.48,64.2168170157031
82762,-8.210971,-3.762714,4.352544,-0.013592,-0.004276,-0.004276,32.47,64.2706059145675
82772,-8.206783,-3.763312,4.348955,-0.014203,-0.005498,-0.004887,32.47,64.2802604073181
82782,-8.20798,-3.761517,4.352544,-0.013744,-0.005651,-0.005192,32.48,64.2626208111995
82792,-8.197212,-3.76391,4.357928,-0.014661,-0.005651,-0.005498,32.48,64.2130514371013
82802,-8.196614,-3.769294,4.356732,-0.014203,-0.006567,-0.006872,32.48,64.2234511399668
82812,-8.195418,-3.755535,4.356732,-0.013744,-0.006567,-0.00672,32.48,64.2064620022206
82822,-8.200802,-3.752544,4.35075,-0.013897,-0.006872,-0.007483,32.46,64.2463685304354
82832,-8.206783,-3.761517,4.356732,-0.013592,-0.007178,-0.007483,32.46,64.238356770399
82842,-8.197212,-3.765705,4.356134,-0.013134,-0.007025,-0.008399,32.48,64.2241545728161
82852,-8.193025,-3.767499,4.354339,-0.013134,-0.006414,-0.008552,32.48,64.2258014887223
82862,-8.199606,-3.760919,4.356732,-0.013439,-0.005803,-0.007789,32.47,64.2215201887684
82872,-8.196614,-3.755535,4.361517,-0.013592,-0.006567,-0.007636,32.47,64.1845223508253
82882,-8.192427,-3.761517,4.355535,-0.01405,-0.005803,-0.007789,32.46,64.2120705029884
82892,-8.189436,-3.758526,4.356732,-0.013897,-0.005651,-0.007483,32.46,64.1960233057639
82902,-8.192427,-3.765106,4.358526,-0.013897,-0.005498,-0.00733,32.45,64.2003911625437
82912,-8.193623,-3.754937,4.35075,-0.013592,-0.004276,-0.006567,32.48,64.2326106798318
82922,-8.190632,-3.760321,4.355535,-0.013744,-0.003971,-0.005651,32.48,64.2067657077684
82932,-8.189436,-3.756732,4.356134,-0.013744,-0.003512,-0.006261,32.48,64.1972410595304
82942,-8.19123,-3.768098,4.357928,-0.013897,-0.003512,-0.005651,32.48,64.2038758553072
82952,-8.199007,-3.760321,4.362116,-0.013744,-0.002749,-0.004887,32.45,64.1918223194369
82962,-8.188837,-3.766303,4.359125,-0.013134,-0.00168,-0.004123,32.45,64.1904265038534
82972,-8.193623,-3.772285,4.357928,-0.014813,-0.001222,-0.003818,32.5,64.2136429546794
82982,-8.204391,-3.759125,4.360919,-0.014355,-0.000611,-0.002443,32.5,64.2089224149384
82992,-8.18764,-3.76391,4.369893,-0.014966,0,-0.002596,32.51,64.1297690943091
83002,-8.197212,-3.762714,4.360321,-0.014813,0.000916,-0.001985,32.51,64.1994868514228
83012,-8.176275,-3.757928,4.356732,-0.014203,0.00168,-0.002291,32.47,64.1655653263446
83022,-8.191828,-3.766901,4.360321,-0.014813,0.002291,-0.002138,32.47,64.1916576167771
83032,-8.184052,-3.757928,4.362714,-0.015577,0.002749,-0.001833,32.46,64.1523700045825
83042,-8.179267,-3.756732,4.34417,-0.014355,0.003818,-0.001222,32.46,64.2359287594689
83052,-8.204989,-3.767499,4.346562,-0.013439,0.003971,-0.001374,32.48,64.2928748044876
83062,-8.200802,-3.758526,4.35075,-0.013286,0.004734,-0.000916,32.48,64.2525595999159
83072,-8.19123,-3.76391,4.365107,-0.01237,0.005651,-0.000916,32.43,64.1625457545527
83082,-8.205587,-3.756732,4.362116,-0.012828,0.005192,-0.001527,32.43,64.2029879332558
83092,-8.191828,-3.760919,4.357928,-0.012523,0.005192,-0.001833,32.43,64.1977635584462
83102,-8.209774,-3.757928,4.352544,-0.012217,0.005192,-0.001833,32.46,64.2629598145245
83112,-8.200802,-3.75733,4.356732,-0.011606,0.005651,-0.001833,32.46,64.2205043505552
83122,-8.208578,-3.765106,4.356732,-0.012065,0.005345,-0.002902,32.44,64.2461241587707
83132,-8.198408,-3.756134,4.348357,-0.011454,0.005651,-0.002138,32.44,64.2570070377098
83142,-8.203195,-3.754339,4.354938,-0.011606,0.00504,-0.002902,32.48,64.2320583848138
83152,-8.199007,-3.75733,4.354938,-0.011148,0.005192,-0.00336,32.48,64.2256859630684
83162,-8.20798,-3.756732,4.353143,-0.011454,0.005192,-0.002902,32.48,64.2545893877145
83172,-8.200802,-3.758526,4.351348,-0.011606,0.005192,-0.003054,32.48,64.2494783144942
83182,-8.218149,-3.753741,4.358526,-0.012065,0.004276,-0.002443,32.47,64.2467543556935
83192,-8.199007,-3.756732,4.357928,-0.011301,0.003818,-0.003665,32.47,64.2096645083774
83202,-8.205587,-3.748357,4.348357,-0.011606,0.003512,-0.003054,32.46,64.2651898798281
83212,-8.200203,-3.756732,4.354938,-0.011454,0.003207,-0.002902,32.46,64.2277708828056
83222,-8.195418,-3.753741,4.354339,-0.011301,0.003207,-0.003054,32.46,64.2169326593836
83232,-8.2014,-3.759125,4.348955,-0.011606,0.002596,-0.002749,32.46,64.2637801140815
83242,-8.212168,-3.758526,4.360919,-0.011606,0.001222,-0.002902,32.45,64.225878168138
83252,-8.210373,-3.745964,4.357928,-0.011606,0.000764,-0.002596,32.48,64.2242389932971
83262,-8.200203,-3.757928,4.354938,-0.011759,-0.000305,-0.002138,32.48,64.2290099429425
83272,-8.199606,-3.750151,4.347161,-0.011606,-0.000611,-0.002138,32.49,64.2596905450661
83282,-8.201998,-3.74716,4.343571,-0.011606,-0.001222,-0.002138,32.49,64.2805190744585
83292,-8.195418,-3.744768,4.356134,-0.012217,-0.001985,-0.003054,32.49,64.1983841302584
83302,-8.203195,-3.756134,4.349553,-0.01237,-0.002443,-0.003054,32.49,64.2616578656181
83312,-8.202596,-3.748955,4.347161,-0.011606,-0.00336,-0.003665,32.47,64.2652130139503
83322,-8.193623,-3.756134,4.351348,-0.011759,-0.003665,-0.003971,32.47,64.2307689831394
83332,-8.206185,-3.755535,4.356134,-0.011912,-0.004887,-0.004429,32.45,64.2338950467852
83342,-8.201998,-3.769294,4.355535,-0.012065,-0.005498,-0.004429,32.45,64.241774185104
83352,-8.204391,-3.757928,4.364508,-0.012065,-0.006109,-0.00504,32.49,64.1892121031986
83362,-8.202596,-3.755535,4.35733,-0.011606,-0.006567,-0.005651,32.49,64.2196225261781
83372,-8.200802,-3.762714,4.366901,-0.011454,-0.006414,-0.005345,32.49,64.1737428559108
83382,-8.199007,-3.758526,4.36391,-0.011301,-0.006567,-0.006109,32.49,64.1807243395437
83393,-8.200802,-3.759723,4.354938,-0.011759,-0.007025,-0.005651,32.51,64.2322238797043
83402,-8.200802,-3.754937,4.353143,-0.012828,-0.006567,-0.005651,32.51,64.2365139138995
83412,-8.196614,-3.752544,4.358526,-0.013286,-0.005651,-0.006567,32.49,64.1968255591796
83422,-8.193623,-3.763312,4.357928,-0.013286,-0.005192,-0.00672,32.47,64.204312646001
83432,-8.191828,-3.762714,4.361517,-0.01405,-0.005192,-0.006872,32.47,64.1811422043351
83442,-8.192427,-3.762115,4.363312,-0.014966,-0.005192,-0.00733,32.47,64.172631843508
83452,-8.196614,-3.762115,4.359723,-0.015272,-0.004887,-0.006414,32.47,64.2005912526593
83462,-8.196614,-3.760321,4.358526,-0.01573,-0.004429,-0.007636,32.47,64.2048932806585
83472,-8.196614,-3.760919,4.371687,-0.015882,-0.003971,-0.007025,32.47,64.1377696128272
83482,-8.212168,-3.762714,4.365705,-0.016188,-0.003512,-0.006872,32.46,64.2055951429489
83492,-8.194221,-3.77049,4.360919,-0.015882,-0.00336,-0.007636,32.46,64.1977258070978
83502,-8.190632,-3.759125,4.357928,-0.01573,-0.002443,-0.007178,32.49,64.1931911155188
83512,-8.191828,-3.767499,4.362714,-0.016646,-0.002443,-0.007636,32.49,64.1799570474391
83522,-8.192427,-3.757928,4.372285,-0.016341,-0.001833,-0.007636,32.48,64.1220858014306
83532,-8.198408,-3.751946,4.359723,-0.01573,-0.001374,-0.006567,32.48,64.1941026604473
83542,-8.185248,-3.761517,4.360919,-0.01573,0.000458,-0.007636,32.45,64.1680699369925
83552,-8.190632,-3.760321,4.360321,-0.014966,0.001374,-0.006567,32.45,64.1821054074755
83562,-8.188239,-3.760919,4.356732,-0.015424,0.001374,-0.006109,32.47,64.1958006778075
83572,-8.193025,-3.765705,4.35075,-0.014661,0.002138,-0.005498,32.47,64.2424326950681
83582,-8.181659,-3.760919,4.355535,-0.014661,0.002902,-0.004734,32.48,64.1870654250973
83592,-8.18764,-3.760919,4.350152,-0.014813,0.004276,-0.005192,32.47,64.2283672502315
83602,-8.196614,-3.768098,4.355535,-0.014203,0.004887,-0.005345,32.47,64.2283734709328
83612,-8.196015,-3.765106,4.357928,-0.012981,0.004734,-0.003207,32.49,64.2115868556956
83622,-8.190632,-3.76391,4.357928,-0.012981,0.004734,-0.003054,32.49,64.1981660813107
83632,-8.191828,-3.763312,4.352544,-0.013134,0.004123,-0.003818,32.46,64.2279945670599
83642,-8.196015,-3.766901,4.351348,-0.01237,0.005345,-0.003665,32.46,64.2473475638143
83652,-8.2014,-3.763312,4.35075,-0.012217,0.005651,-0.002443,32.45,64.2588668727389
83662,-8.190632,-3.764508,4.358526,-0.011606,0.005651,-0.002291,32.45,64.1957072654626
83672,-8.20798,-3.759125,4.345964,-0.011759,0.005651,-0.002749,32.48,64.2940414175618
83682,-8.205587,-3.749553,4.361517,-0.011912,0.004734,-0.003512,32.48,64.1986413785781
83692,-8.206783,-3.764508,4.363312,-0.011606,0.005192,-0.00336,32.44,64.207593867329
83702,-8.190034,-3.753142,4.354339,-0.011759,0.004887,-0.00336,32.44,64.2041202167835
83712,-8.186445,-3.751348,4.352544,-0.010996,0.005345,-0.002596,32.48,64.2033816126641
83722,-8.198408,-3.759723,4.350152,-0.010537,0.005192,-0.002749,32.48,64.2514723215886
83732,-8.2014,-3.760321,4.359125,-0.011148,0.005192,-0.002596,32.49,64.212633954855
83742,-8.19781,-3.751348,4.356134,-0.01069,0.004581,-0.002443,32.49,64.2106176203333
83752,-8.198408,-3.764508,4.354339,-0.010385,0.004429,-0.002596,32.45,64.234860555674
83762,-8.196015,-3.767499,4.353741,-0.011454,0.004123,-0.002138,32.45,64.2356391353595
83772,-8.198408,-3.768696,4.345964,-0.010996,0.003512,-0.002443,32.49,64.2823575052698
83782,-8.197212,-3.767499,4.341777,-0.010079,0.00336,-0.00168,32.45,64.3000050378899
83792,-8.199007,-3.760321,4.354938,-0.009621,0.002596,-0.002291,32.45,64.2287863009602
83802,-8.199007,-3.759723,4.351946,-0.010079,0.001985,-0.002596,32.48,64.2435810694012
83812,-8.196614,-3.751946,4.344768,-0.009927,0.001527,-0.002443,32.48,64.26712411022
83822,-8.201998,-3.759723,4.345964,-0.009927,0.001069,-0.00168,32.46,64.2811640569521
83832,-8.191828,-3.757928,4.345366,-0.010537,0.000153,-0.001069,32.46,64.259417538256
83842,-8.206185,-3.755535,4.347161,-0.009774,-0.000611,-0.001222,32.5,64.280115746587
83852,-8.206783,-3.756134,4.347759,-0.010079,-0.001833,-0.001985,32.5,64.2790027901098
83862,-8.199007,-3.76391,4.34417,-0.010232,-0.002291,-0.001833,32.47,64.2879968647138
83872,-8.194819,-3.757928,4.351348,-0.01069,-0.003207,-0.001833,32.47,64.2353346856309
83882,-8.196015,-3.749553,4.35075,-0.010537,-0.00336,-0.001985,32.53,64.2324449820434
83892,-8.203793,-3.754339,4.35733,-0.009774,-0.003512,-0.002596,32.53,64.2210914620778
83902,-8.201998,-3.745964,4.35733,-0.009927,-0.004123,-0.002596,32.46,64.2083652910861
83912,-8.200802,-3.762115,4.362116,-0.01069,-0.004887,-0.003971,32.46,64.1977449742226
83922,-8.19123,-3.760321,4.360321,-0.009927,-0.00504,-0.004429,32.47,64.1834598366718
83932,-8.196614,-3.753142,4.356134,-0.009774,-0.006261,-0.00504,32.47,64.2097691519138
83942,-8.199606,-3.751348,4.36391,-0.011301,-0.006261,-0.004887,32.47,64.1746358731515
83952,-8.196614,-3.751946,4.361517,-0.011301,-0.006109,-0.006109,32.49,64.1807990552048
83962,-8.199606,-3.766901,4.35733,-0.012217,-0.006109,-0.006872,32.49,64.2246468587254
83972,-8.194819,-3.759125,4.359125,-0.012065,-0.005956,-0.007025,32.46,64.1965041838157
83982,-8.195418,-3.747759,4.368098,-0.013286,-0.006414,-0.008552,32.46,64.1398553936775
83992,-8.194221,-3.759723,4.35733,-0.012828,-0.004734,-0.008094,32.5,64.2050182896763
84002,-8.204391,-3.756732,4.360321,-0.013897,-0.004123,-0.007941,32.5,64.2095218641885
84012,-8.201998,-3.745964,4.353143,-0.014813,-0.003818,-0.008705,32.46,64.2299377580853
84022,-8.19781,-3.761517,4.356134,-0.014355,-0.003207,-0.008552,32.46,64.2211598280917
84032,-8.190034,-3.753741,4.344768,-0.015272,-0.002138,-0.009316,32.48,64.2541046056255
84042,-8.194819,-3.755535,4.355535,-0.014966,-0.002291,-0.009163,32.48,64.2112738668011
84052,-8.192427,-3.759723,4.358526,-0.014661,-0.001069,-0.008858,32.47,64.1947959083003
84062,-8.199606,-3.753142,4.362116,-0.014813,0,-0.008552,32.47,64.1857321348496
84072,-8.193623,-3.758526,4.352544,-0.014355,0.000764,-0.008858,32.47,64.2270852779497
84082,-8.184052,-3.75075,4.352544,-0.013897,0.001527,-0.007636,32.47,64.1973359519038
84092,-8.17807,-3.755535,4.362714,-0.014203,0.002291,-0.007025,32.49,64.1362973440894
84102,-8.200802,-3.752544,4.359125,-0.013592,0.003207,-0.006109,32.49,64.2032222268309
84112,-8.182258,-3.757928,4.347759,-0.012523,0.003818,-0.005803,32.48,64.2254204460829
84122,-8.200802,-3.765106,4.348357,-0.011912,0.003971,-0.005498,32.48,64.2717053295323
84132,-8.188837,-3.75075,4.353741,-0.011454,0.003818,-0.004734,32.48,64.2020085294006
84142,-8.185846,-3.759125,4.35075,-0.011148,0.004581,-0.004581,32.51,64.2193583356645
84152,-8.19781,-3.760919,4.35075,-0.010385,0.004734,-0.004581,32.51,64.2482788604499
84162,-8.204989,-3.75733,4.366901,-0.01069,0.004887,-0.004429,32.43,64.1776336551425
84172,-8.206783,-3.753142,4.352544,-0.01069,0.00504,-0.003512,32.43,64.2512609237758
84182,-8.200802,-3.755535,4.357928,-0.011148,0.004887,-0.003818,32.46,64.21248504352
84192,-8.203793,-3.758526,4.356732,-0.010843,0.005498,-0.003207,32.46,64.228505120074
84202,-8.201998,-3.751348,4.356732,-0.010232,0.00504,-0.003665,32.47,64.217015446554
84212,-8.199606,-3.749553,4.360321,-0.010843,0.00504,-0.00336,32.47,64.1912566763153
84222,-8.199606,-3.768098,4.356134,-0.010385,0.005192,-0.003207,32.52,64.2320476986102
84232,-8.201998,-3.75075,4.353741,-0.010537,0.004429,-0.004276,32.52,64.2318048807182
84242,-8.208578,-3.773481,4.365107,-0.01069,0.004429,-0.003512,32.48,64.2117217239482
84252,-8.2014,-3.759125,4.347161,-0.010232,0.003665,-0.002902,32.48,64.2730258622081
84262,-8.199606,-3.753142,4.35075,-0.010232,0.003665,-0.00336,32.47,64.2442832437512
84272,-8.200203,-3.750151,4.355535,-0.010232,0.003054,-0.003665,32.47,64.2178809246089
84282,-8.208578,-3.751946,4.35733,-0.01069,0.001985,-0.003665,32.47,64.2294358765229
84292,-8.198408,-3.756732,4.356134,-0.010232,0.001833,-0.002749,32.5,64.2175501066857
84302,-8.199007,-3.747759,4.352544,-0.010537,0.001069,-0.003512,32.5,64.228111901472
84312,-8.203793,-3.762714,4.351348,-0.010079,0.000916,-0.003054,32.49,64.2605691057848
84322,-8.190034,-3.75075,4.35075,-0.010079,0.000153,-0.003207,32.49,64.2201446711358
84332,-8.192427,-3.763312,4.357928,-0.010843,0,-0.004276,32.46,64.2016064990576
84342,-8.206783,-3.757928,4.364508,-0.010232,0.000305,-0.003971,32.46,64.19462333398
84352,-8.200203,-3.766303,4.358526,-0.010385,0.000153,-0.004429,32.46,64.2192173262784
84362,-8.203793,-3.75733,4.354938,-0.010385,-0.000764,-0.004276,32.46,64.2365054132952
84372,-8.204391,-3.751348,4.35733,-0.010537,-0.000916,-0.005192,32.46,64.2193494634031
84382,-8.196614,-3.753741,4.355535,-0.010537,-0.001222,-0.005803,32.46,64.2134764527507
84392,-8.208578,-3.756732,4.354339,-0.010385,-0.00168,-0.006261,32.51,64.2497812366141
84402,-8.200802,-3.754339,4.369893,-0.011759,-0.001222,-0.006109,32.51,64.1496560344733
84412,-8.197212,-3.753142,4.35733,-0.010996,-0.001069,-0.005956,32.49,64.204960928691
84422,-8.202596,-3.762714,4.356134,-0.011301,-0.000916,-0.006872,32.49,64.2332178657352
84432,-8.188837,-3.756134,4.354339,-0.011301,-0.000611,-0.007178,32.5,64.2045160383858
84442,-8.199007,-3.757928,4.367499,-0.011759,-0.001374,-0.007483,32.5,64.1616320064041
84452,-8.196015,-3.760919,4.360321,-0.012981,-0.001985,-0.007789,32.51,64.1949143773903
84462,-8.189436,-3.755535,4.360321,-0.012981,-0.001527,-0.007789,32.47,64.1744195130393
84472,-8.195418,-3.75733,4.355535,-0.013286,-0.00168,-0.007636,32.47,64.2144915106727
84482,-8.195418,-3.758526,4.35075,-0.013134,-0.001222,-0.007789,32.48,64.2403916331762
84492,-8.192427,-3.766303,4.355535,-0.012217,-0.000916,-0.007025,32.48,64.2170441696764
84502,-8.185248,-3.761517,4.354339,-0.012065,-0.001222,-0.006872,32.48,64.2019851328006
84512,-8.188239,-3.759723,4.359723,-0.012217,-0.001069,-0.005956,32.48,64.1791432642085
84522,-8.19781,-3.765705,4.358526,-0.012523,-0.000611,-0.00672,32.47,64.2131878536478
84532,-8.187043,-3.761517,4.349553,-0.012675,-0.001222,-0.004887,32.47,64.2307272264702
84542,-8.194819,-3.765106,4.353143,-0.012981,-0.000764,-0.004734,32.48,64.2335326329382
84552,-8.197212,-3.756134,4.353143,-0.012981,-0.001069,-0.003665,32.48,64.2296355965387
84562,-8.196614,-3.764508,4.352544,-0.012675,-0.000916,-0.003207,32.46,64.240054514355
84572,-8.194819,-3.75733,4.350152,-0.012523,0,-0.003512,32.46,64.2408798209712
84582,-8.191828,-3.763312,4.359125,-0.013592,-0.000305,-0.00336,32.49,64.194084651752
84592,-8.200203,-3.753741,4.357928,-0.013897,-0.000153,-0.002749,32.49,64.2092712146441
84602,-8.197212,-3.76391,4.359723,-0.013592,0.000153,-0.003207,32.46,64.2038080208228
84612,-8.185846,-3.75075,4.35075,-0.013286,0.000305,-0.003818,32.46,64.2106570349955
84622,-8.203793,-3.752544,4.355535,-0.012981,0.000916,-0.003054,32.47,64.2284785571821
84632,-8.201998,-3.767499,4.360321,-0.012828,0.000764,-0.003512,32.48,64.2152746351763
84642,-8.193623,-3.755535,4.35733,-0.013592,0.001222,-0.004123,32.48,64.1993169088365
84652,-8.196614,-3.759723,4.351946,-0.013439,0.001374,-0.003818,32.5,64.2381724621018
84662,-8.182258,-3.753142,4.360321,-0.013286,0.001374,-0.003512,32.5,64.1556488472542
84672,-8.192427,-3.756134,4.35733,-0.013286,0.00168,-0.003665,32.48,64.1972303595868
84682,-8.200802,-3.756732,4.350152,-0.01237,0.001833,-0.003665,32.48,64.2537839397695
84692,-8.198408,-3.752544,4.353143,-0.012217,0.002749,-0.003054,32.43,64.2286219604305
84702,-8.194221,-3.748357,4.360919,-0.012217,0.002291,-0.003818,32.43,64.1747331353004
84712,-8.188239,-3.750151,4.353143,-0.01237,0.002138,-0.002749,32.5,64.2031153479177
84722,-8.204989,-3.759125,4.356134,-0.011454,0.001374,-0.003665,32.5,64.234907063338
84732,-8.189436,-3.747759,4.343571,-0.011454,0.002291,-0.003971,32.52,64.2527295163265
84742,-8.199007,-3.756732,4.354339,-0.011301,0.001833,-0.00336,32.52,64.2281522471437
84752,-8.200802,-3.754339,4.354938,-0.011301,0.002138,-0.003512,32.45,64.2266471623145
84762,-8.199606,-3.739982,4.365107,-0.010996,0.001069,-0.003207,32.45,64.1566995056714
84772,-8.19781,-3.760321,4.351946,-0.010385,0.000764,-0.003512,32.48,64.2414957646352
84782,-8.193623,-3.756134,4.360321,-0.009468,0.000916,-0.003512,32.48,64.1845294683541
84792,-8.210373,-3.765106,4.360919,-0.009774,0.00168,-0.00336,32.44,64.2286319790547
84802,-8.206185,-3.759125,4.356134,-0.010843,0.001069,-0.003207,32.52,64.2376090598287
84812,-8.209177,-3.751946,4.35733,-0.010079,0.000764,-0.003971,32.52,64.2307899058719
84822,-8.212766,-3.744169,4.353143,-0.01069,0.001222,-0.003665,32.52,64.2524371733079
84832,-8.207382,-3.749553,4.359125,-0.010996,0.000611,-0.00336,32.52,64.2150172434505
84842,-8.20798,-3.752544,4.359125,-0.01069,0.000305,-0.003818,32.48,64.2194613273015
84852,-8.206185,-3.756134,4.356134,-0.011148,0.000458,-0.003665,32.48,64.2345146040647
84862,-8.202596,-3.761517,4.348357,-0.011148,-0.000458,-0.003818,32.48,64.2720375375154
84872,-8.20798,-3.764508,4.353143,-0.011148,-0.000611,-0.004123,32.48,64.26263058753
84882,-8.201998,-3.758526,4.362116,-0.010843,-0.000458,-0.004123,32.49,64.1967280349807
84892,-8.199007,-3.754937,4.349553,-0.011148,-0.001222,-0.003971,32.49,64.2509565856141
84902,-8.193623,-3.753741,4.358526,-0.011606,-0.001069,-0.004276,32.52,64.191292666192
84912,-8.199606,-3.751348,4.356134,-0.011301,-0.000764,-0.003971,32.52,64.2146829316236
84922,-8.203195,-3.756732,4.35075,-0.011606,-0.000916,-0.004123,32.51,64.2561087533572
84932,-8.200203,-3.759723,4.361517,-0.012217,-0.000764,-0.004429,32.51,64.196991688464
84942,-8.206185,-3.765106,4.356732,-0.01237,-0.000764,-0.004276,32.48,64.2407227360425
84952,-8.198408,-3.75075,4.355535,-0.012675,-0.001985,-0.004887,32.48,64.2144382745391
84962,-8.205587,-3.75075,4.358526,-0.01237,-0.001833,-0.004123,32.48,64.2152779789264
84972,-8.203195,-3.752544,4.361517,-0.01237,-0.000916,-0.005956,32.48,64.1963223662352
84982,-8.189436,-3.771687,4.35733,-0.013286,-0.002138,-0.00672,32.48,64.2066351639909
84992,-8.19781,-3.760321,4.354938,-0.012065,-0.001069,-0.005651,32.48,64.2260801367101
85002,-8.194819,-3.768098,4.356134,-0.012675,-0.001527,-0.006261,32.48,64.221231820177
85012,-8.194221,-3.760919,4.369893,-0.013286,-0.001069,-0.005803,32.45,64.1415759057852
85022,-8.210971,-3.756134,4.363312,-0.013286,-0.001222,-0.006261,32.45,64.208389519784
85032,-8.209774,-3.758526,4.357928,-0.013897,-0.000916,-0.006872,32.46,64.2358614440764
85042,-8.196015,-3.757928,4.362714,-0.014355,-0.000305,-0.007178,32.46,64.1794859398654
85052,-8.199606,-3.755535,4.360321,-0.014508,-0.000611,-0.007025,32.48,64.1974554743632
85062,-8.190034,-3.759723,4.361517,-0.014661,-0.000305,-0.007789,32.48,64.1739677145033
85072,-8.190632,-3.753142,4.356732,-0.014661,0.000458,-0.008399,32.46,64.193139525103
85082,-8.203793,-3.764508,4.356732,-0.014966,0.000458,-0.008247,32.46,64.2347019624532
85092,-8.206783,-3.763312,4.357928,-0.015272,0.001527,-0.008552,32.51,64.2340589525252
85102,-8.195418,-3.759125,4.360919,-0.015577,0.001527,-0.00901,32.51,64.1886204222594
85112,-8.204989,-3.762115,4.353143,-0.016035,0.001222,-0.008552,32.47,64.253403953055
85122,-8.19781,-3.765106,4.356134,-0.016035,0.002443,-0.008552,32.47,64.224884254867
85132,-8.2014,-3.762714,4.355535,-0.014813,0.002749,-0.008552,32.46,64.2336003340072
85142,-8.19123,-3.77049,4.354938,-0.014355,0.002749,-0.007941,32.46,64.2217683771136
85152,-8.183454,-3.756134,4.34417,-0.014355,0.003054,-0.007789,32.5,64.2447859674583
85162,-8.204391,-3.762115,4.348357,-0.015577,0.003054,-0.008247,32.51,64.2767069799368
85172,-8.198408,-3.765106,4.355535,-0.014203,0.00336,-0.007178,32.51,64.2293207466076
85182,-8.200802,-3.762714,4.358526,-0.014355,0.00336,-0.00672,32.46,64.2168474482505
85192,-8.197212,-3.749553,4.360919,-0.01405,0.002902,-0.006109,32.46,64.1827529166871
85202,-8.189436,-3.755535,4.356732,-0.013286,0.002749,-0.005651,32.48,64.1929151274403
85212,-8.195418,-3.762714,4.362714,-0.014355,0.002749,-0.006109,32.48,64.1831060874305
85222,-8.197212,-3.754937,4.352544,-0.013592,0.003054,-0.00504,32.52,64.2314821316086
85232,-8.199007,-3.758526,4.358526,-0.012828,0.002749,-0.005192,32.52,64.2084448476244
85242,-8.18764,-3.769294,4.348357,-0.012523,0.002596,-0.004123,32.5,64.2463316856062
85252,-8.188837,-3.763312,4.348955,-0.012523,0.002291,-0.004734,32.5,64.2397342260715
85262,-8.19781,-3.746562,4.35075,-0.012065,0.001985,-0.003665,32.5,64.2334122115875
85272,-8.195418,-3.759723,4.352544,-0.011606,0.001985,-0.003054,32.5,64.2323866980997
85282,-8.194819,-3.756732,4.342973,-0.010843,0.001527,-0.003054,32.48,64.2772809554977
85292,-8.199007,-3.751946,4.35733,-0.011148,0.00168,-0.002138,32.48,64.2077851206392
85302,-8.206783,-3.762714,4.349553,-0.010537,0.000458,-0.002138,32.49,64.2765617360357
85312,-8.201998,-3.757928,4.348955,-0.009774,0.000458,-0.001222,32.49,64.2638918100685
85322,-8.206783,-3.760321,4.354339,-0.010079,-0.000611,-0.00168,32.48,64.2494391414956
85332,-8.201998,-3.760321,4.356732,-0.010079,-0.000458,-0.000764,32.46,64.2263074576717
85342,-8.196614,-3.762115,4.350152,-0.009468,-0.001069,-0.000916,32.46,64.2498984931453
85352,-8.193623,-3.758526,4.358526,-0.009468,-0.000916,-0.000764,32.45,64.1962602508449
85362,-8.204989,-3.755535,4.348357,-0.008705,-0.001833,-0.001374,32.45,64.2712528056816
85372,-8.204391,-3.749553,4.349553,-0.00901,-0.00168,-0.000764,32.48,64.2575582692553
85382,-8.209774,-3.761517,4.355535,-0.009468,-0.001527,-0.000916,32.48,64.2512710651228
85394,-8.209177,-3.756732,4.360919,-0.009316,-0.001985,-0.001069,32.5,64.2172648485972
85402,-8.196614,-3.758526,4.354339,-0.009774,-0.002596,-0.000153,32.5,64.2246001043524
85412,-8.191828,-3.757928,4.359125,-0.009621,-0.002443,-0.001527,32.47,64.1884884461368
85422,-8.198408,-3.764508,4.351348,-0.009621,-0.002138,-0.001374,32.47,64.250269397751
85432,-8.208578,-3.763312,4.359723,-0.009468,-0.00168,-0.001374,32.47,64.228874984655
85442,-8.206783,-3.754937,4.354938,-0.009621,-0.002443,-0.000458,32.47,64.2407865850018
85452,-8.193623,-3.768696,4.352544,-0.009468,-0.002596,-0.001222,32.49,64.2376457501924
85462,-8.205587,-3.762115,4.352544,-0.009774,-0.002902,-0.00168,32.49,64.2578386561437
85472,-8.196015,-3.755535,4.357928,-0.009163,-0.002902,-0.00168,32.48,64.2016517505119
85482,-8.208578,-3.757928,4.348357,-0.010232,-0.002902,-0.001985,32.48,64.2818253088861
85492,-8.205587,-3.751946,4.360321,-0.010385,-0.003207,-0.002291,32.45,64.2072735729376
85502,-8.200203,-3.760919,4.358526,-0.011148,-0.003207,-0.001985,32.53,64.2136315499558
85512,-8.191828,-3.759125,4.355535,-0.010996,-0.002443,-0.003054,32.53,64.2082302620172
85522,-8.197212,-3.762714,4.356134,-0.011454,-0.002443,-0.003207,32.52,64.2210498179157
85532,-8.200802,-3.760321,4.362714,-0.012065,-0.002138,-0.002902,32.52,64.1928056389521
85542,-8.204989,-3.766901,4.369295,-0.011912,-0.001374,-0.003207,32.48,64.1752494758481
85552,-8.19781,-3.750151,4.360919,-0.012828,-0.001527,-0.003665,32.48,64.184727736405
85562,-8.192427,-3.764508,4.367499,-0.012981,-0.00168,-0.004581,32.47,64.1535663628842
85572,-8.193025,-3.762115,4.360321,-0.013744,-0.001374,-0.004887,32.47,64.1893892958326
85582,-8.2014,-3.747759,4.364508,-0.014661,-0.00168,-0.006109,32.49,64.1719039306564
85592,-8.192427,-3.756134,4.361517,-0.014813,-0.001374,-0.007025,32.49,64.1756590971915
85602,-8.195418,-3.761517,4.351348,-0.014661,0.000153,-0.005956,32.48,64.2404115324741
85612,-8.187043,-3.745964,4.353143,-0.014813,0.000764,-0.005651,32.48,64.196058757623
85622,-8.200203,-3.76391,4.355535,-0.014203,0.000458,-0.005956,32.48,64.2321358839033
85632,-8.202596,-3.760321,4.357928,-0.014966,0.000916,-0.006261,32.48,64.2215008052119
85642,-8.195418,-3.75733,4.359125,-0.014661,0.000916,-0.006109,32.5,64.1959967021461
85652,-8.2014,-3.751946,4.363312,-0.014203,0.001985,-0.005803,32.5,64.1823981244766
85662,-8.193623,-3.753142,4.356732,-0.015119,0.002138,-0.006109,32.5,64.1999152156053
85672,-8.196015,-3.750151,4.359723,-0.014813,0.00336,-0.005803,32.45,64.1868212265051
85682,-8.200802,-3.75733,4.355535,-0.014355,0.003207,-0.006261,32.45,64.2266695649007
85692,-8.195418,-3.748955,4.348955,-0.013744,0.003512,-0.006109,32.46,64.2397302450676
85702,-8.198408,-3.753741,4.35075,-0.013286,0.002749,-0.005192,32.46,64.2421944544326
85712,-8.200802,-3.744169,4.362714,-0.012828,0.004581,-0.004123,32.44,64.176068591015
85722,-8.200203,-3.753741,4.353741,-0.012523,0.00504,-0.004276,32.44,64.2308401796992
85732,-8.190632,-3.749553,4.352544,-0.012981,0.004734,-0.003818,32.51,64.2110060775335
85742,-8.187043,-3.753741,4.357928,-0.013286,0.004581,-0.003665,32.51,64.1794625067386
85752,-8.196614,-3.763312,4.353143,-0.013134,0.004887,-0.003818,32.5,64.2357271785561
85762,-8.193025,-3.754937,4.349553,-0.013134,0.004887,-0.003054,32.5,64.2374295275743
85772,-8.190034,-3.755535,4.359125,-0.013134,0.005192,-0.003512,32.45,64.181937573626
85782,-8.206185,-3.752544,4.354339,-0.012675,0.004581,-0.002749,32.45,64.2400463212518
85792,-8.205587,-3.743571,4.359723,-0.012217,0.00504,-0.002596,32.45,64.2016940840511
85802,-8.220542,-3.745365,4.354339,-0.012523,0.003818,-0.002749,32.45,64.2650752026441
85812,-8.207382,-3.754339,4.355535,-0.012828,0.003054,-0.003665,32.46,64.2384477779618
85822,-8.198408,-3.751348,4.345964,-0.012981,0.003207,-0.003207,32.46,64.2643924746834
85832,-8.208578,-3.755535,4.351946,-0.013134,0.001833,-0.004581,32.48,64.2608673051235
85842,-8.20798,-3.756134,4.345366,-0.012523,0.000611,-0.005651,32.47,64.2940344756606
85852,-8.205587,-3.753741,4.348955,-0.012065,-0.000153,-0.004123,32.47,64.2676680460364
85862,-8.204391,-3.756134,4.35733,-0.012065,0,-0.004887,32.47,64.2243014001656
85872,-8.206783,-3.756732,4.360321,-0.011606,-0.002138,-0.005803,32.47,64.2149306517728
85882,-8.208578,-3.759723,4.347759,-0.011301,-0.002443,-0.005192,32.5,64.2867599547773
85892,-8.19123,-3.751946,4.354339,-0.010996,-0.002902,-0.005345,32.5,64.2055882049473
85902,-8.202596,-3.757928,4.341777,-0.01069,-0.003512,-0.005192,32.5,64.3022426777671
85912,-8.19781,-3.764508,4.347161,-0.010079,-0.003818,-0.005192,32.5,64.2704966121385
85922,-8.199007,-3.765106,4.354339,-0.009927,-0.003818,-0.005345,32.44,64.2368342512451
85932,-8.197212,-3.760321,4.354339,-0.009316,-0.003818,-0.004581,32.44,64.2278140244158
85942,-8.192427,-3.753142,4.354938,-0.009163,-0.003818,-0.004734,32.51,64.2064524899656
85952,-8.188837,-3.767499,4.364508,-0.009316,-0.003971,-0.005192,32.51,64.1639473460596
85962,-8.196614,-3.76391,4.352544,-0.009621,-0.004429,-0.005651,32.46,64.2394339912389
85972,-8.203195,-3.753741,4.359125,-0.009621,-0.004123,-0.006414,32.46,64.2098769607343
85982,-8.190034,-3.760919,4.350152,-0.009468,-0.003054,-0.005498,32.47,64.2337828560089
85992,-8.204391,-3.75733,4.361517,-0.010079,-0.002443,-0.005956,32.47,64.2039850369583
86002,-8.202596,-3.757928,4.361517,-0.010079,-0.002749,-0.00672,32.48,64.2005443246766
86012,-8.2014,-3.763312,4.354938,-0.010079,-0.001527,-0.006872,32.48,64.2372947079803
86022,-8.203793,-3.759723,4.359125,-0.010843,-0.000916,-0.007025,32.49,64.2174244781834
86032,-8.2014,-3.756732,4.360919,-0.010996,-0.000764,-0.007483,32.47,64.1996772590958
86042,-8.204989,-3.76391,4.369295,-0.011759,0,-0.007178,32.47,64.1721447411685
86052,-8.205587,-3.761517,4.359723,-0.011454,0,-0.006261,32.5,64.2202595118496
86062,-8.201998,-3.767499,4.360919,-0.011606,0.000305,-0.007789,32.5,64.2121969323978
86072,-8.196614,-3.760321,4.360919,-0.01237,0.000611,-0.007789,32.49,64.1925696704281
86082,-8.182258,-3.75733,4.361517,-0.01237,0.000611,-0.008247,32.49,64.1538456289273
86092,-8.194819,-3.771687,4.362116,-0.012217,0.000305,-0.008094,32.47,64.1941612862595
86102,-8.192427,-3.757928,4.355535,-0.012065,0.001069,-0.006872,32.47,64.2083430283345
86112,-8.194221,-3.766901,4.358526,-0.012523,0.001985,-0.007483,32.44,64.2063155326276
86122,-8.192427,-3.760321,4.357928,-0.011759,0.001527,-0.006567,32.44,64.1984980958263
86132,-8.193623,-3.760919,4.359723,-0.012065,0.001374,-0.007636,32.48,64.1925801055997
86142,-8.19123,-3.769294,4.354339,-0.012217,0.00168,-0.006261,32.48,64.223610493111
86152,-8.191828,-3.762115,4.357928,-0.011454,0.001833,-0.006567,32.45,64.1990066470153
86162,-8.189436,-3.761517,4.351348,-0.011301,0.002749,-0.006567,32.45,64.2268848838347
86172,-8.206185,-3.764508,4.354339,-0.011148,0.002443,-0.005651,32.45,64.2524225753059
86182,-8.196015,-3.752544,4.360919,-0.011759,0.002291,-0.006109,32.45,64.1831421493576
86192,-8.192427,-3.759723,4.356732,-0.011148,0.002291,-0.005803,32.46,64.2040390166767
86202,-8.200203,-3.759125,4.356134,-0.01069,0.002138,-0.005803,32.48,64.2240899572562
86212,-8.198408,-3.754937,4.356134,-0.010385,0.002902,-0.00504,32.48,64.2156896842281
86222,-8.198408,-3.766303,4.347759,-0.010537,0.002749,-0.005498,32.46,64.2706250264923
86232,-8.18764,-3.756732,4.354938,-0.01069,0.00336,-0.004887,32.46,64.1993380852199
86242,-8.188239,-3.763312,4.346562,-0.009927,0.003818,-0.004581,32.49,64.2507238644425
86252,-8.2014,-3.758526,4.352544,-0.009316,0.004429,-0.003512,32.49,64.2446674886936
86262,-8.204989,-3.753142,4.362116,-0.009774,0.004123,-0.003054,32.46,64.1979182686169
86272,-8.193025,-3.747759,4.359125,-0.010079,0.004734,-0.003512,32.46,64.1806447681624
86282,-8.202596,-3.754339,4.360919,-0.009163,0.004429,-0.003971,32.5,64.1999042067773
86292,-8.195418,-3.752544,4.353741,-0.009621,0.004581,-0.003207,32.5,64.2187739099418
86302,-8.199606,-3.75733,4.362714,-0.010385,0.004887,-0.002749,32.47,64.1869961419862
86312,-8.214561,-3.759723,4.360321,-0.009774,0.005192,-0.003054,32.47,64.2355952737042
86322,-8.200203,-3.764508,4.363312,-0.009316,0.004887,-0.003818,32.43,64.1927184120276
86332,-8.202596,-3.761517,4.353741,-0.009621,0.004734,-0.004123,32.43,64.2443011714186
86342,-8.201998,-3.759125,4.354938,-0.009468,0.004734,-0.003818,32.47,64.2343074042473
86352,-8.204989,-3.748357,4.356134,-0.00901,0.004887,-0.004276,32.47,64.22376938792
86362,-8.205587,-3.760919,4.351348,-0.00901,0.004429,-0.003665,32.46,64.2627608482131
86372,-8.196015,-3.751946,4.353143,-0.009316,0.004429,-0.004734,32.46,64.2225876603321
86382,-8.192427,-3.749553,4.351348,-0.008399,0.004734,-0.005192,32.46,64.2212390016023
86392,-8.20798,-3.754937,4.350152,-0.008705,0.003818,-0.005192,32.49,64.2681398873868
86402,-8.189436,-3.750151,4.339982,-0.008247,0.00336,-0.004429,32.49,64.2737330838011
86412,-8.193025,-3.759723,4.347759,-0.008094,0.002902,-0.004887,32.52,64.2516434053879
86422,-8.210373,-3.747759,4.350152,-0.007483,0.002596,-0.005956,32.52,64.2661365404268
86432,-8.204989,-3.753741,4.344768,-0.007483,0.001374,-0.005651,32.51,64.2878967792339
86442,-8.203195,-3.756134,4.35733,-0.007025,0.001374,-0.005192,32.51,64.2215972740888
86452,-8.212766,-3.749553,4.353741,-0.007483,0.001069,-0.004734,32.48,64.2549075025023
86462,-8.196614,-3.749553,4.353741,-0.007025,0.000611,-0.00504,32.48,64.218382552672
86472,-8.194221,-3.750151,4.351946,-0.00733,-0.000458,-0.004734,32.46,64.2228373874253
86482,-8.201998,-3.762115,4.351348,-0.007178,-0.000611,-0.005345,32.46,64.2558964249129
86492,-8.195418,-3.754339,4.360919,-0.006567,-0.001069,-0.005345,32.48,64.1836520319875
86502,-8.201998,-3.756134,4.35733,-0.006261,-0.001985,-0.004734,32.48,64.2188904261952
86512,-8.21157,-3.762714,4.353741,-0.007483,-0.001833,-0.005192,32.5,64.2657950984484
86522,-8.216354,-3.748357,4.356134,-0.007483,-0.002138,-0.005345,32.5,64.2494599580743
86532,-8.196015,-3.753741,4.356134,-0.009163,-0.003054,-0.005803,32.48,64.2090341346034
86542,-8.209177,-3.757928,4.363312,-0.009774,-0.003207,-0.005651,32.46,64.2061898210001
86552,-8.20798,-3.756134,4.351946,-0.00901,-0.002902,-0.005651,32.46,64.2601359394725
86562,-8.206783,-3.754937,4.354339,-0.010385,-0.001985,-0.006261,32.47,64.2438712229618
86572,-8.199606,-3.759125,4.357928,-0.010079,-0.002443,-0.006261,32.47,64.2135005357341
86582,-8.196015,-3.757928,4.352544,-0.010385,-0.002138,-0.006872,32.46,64.2318750897037
86592,-8.190034,-3.760321,4.361517,-0.011301,-0.002902,-0.00733,32.46,64.1745897369193
86602,-8.193025,-3.759125,4.356732,-0.012065,-0.002138,-0.006414,32.5,64.2047714524005
86612,-8.201998,-3.753741,4.354938,-0.011912,-0.00168,-0.006414,32.5,64.2287329329527
86622,-8.2014,-3.756732,4.36391,-0.01237,-0.001527,-0.00733,32.46,64.18428066372
86632,-8.193623,-3.755535,4.355535,-0.011606,-0.000916,-0.00733,32.46,64.2085665514937
86642,-8.200203,-3.764508,4.360321,-0.012065,0.000153,-0.007025,32.46,64.2081135252387
86652,-8.188239,-3.745964,4.35733,-0.011912,-0.000153,-0.007025,32.46,64.177179742987
86662,-8.191828,-3.765106,4.362714,-0.011454,0.000153,-0.00672,32.45,64.177466416115
86672,-8.194819,-3.75075,4.364508,-0.011912,0.000611,-0.008247,32.45,64.1600857655919
86682,-8.194819,-3.766303,4.354938,-0.011912,0.001374,-0.007483,32.47,64.2255276730743
86692,-8.187043,-3.766901,4.353741,-0.012065,0.001833,-0.007941,32.47,64.2147341631501
86702,-8.193025,-3.766303,4.365107,-0.012217,0.002902,-0.00901,32.46,64.1691018746539
86712,-8.204989,-3.753142,4.360321,-0.012523,0.003054,-0.009621,32.5,64.2071581195886
86722,-8.194819,-3.75733,4.351946,-0.013134,0.002902,-0.009468,32.5,64.2316321764945
86732,-8.192427,-3.759723,4.358526,-0.012981,0.003665,-0.008552,32.44,64.1947959083003
86742,-8.19781,-3.757928,4.357928,-0.012828,0.004276,-0.008705,32.44,64.2081963849933
86752,-8.200203,-3.766901,4.350152,-0.012981,0.004276,-0.008552,32.5,64.2629652211137
86762,-8.198408,-3.759723,4.35733,-0.012523,0.004429,-0.008705,32.5,64.2144909517606
86772,-8.194819,-3.747759,4.353741,-0.012217,0.004887,-0.008399,32.45,64.212459704284
86782,-8.192427,-3.759723,4.359723,-0.01237,0.00504,-0.008094,32.45,64.1886294857347
86792,-8.191828,-3.756732,4.360919,-0.012217,0.004734,-0.007789,32.48,64.178003573153
86802,-8.202596,-3.759125,4.359723,-0.012217,0.004429,-0.007636,32.48,64.2110199989523
86812,-8.199007,-3.75075,4.350152,-0.011606,0.004734,-0.00733,32.47,64.2435358350983
86822,-8.186445,-3.750151,4.352544,-0.012065,0.004581,-0.007025,32.47,64.2021386101605
86832,-8.196614,-3.764508,4.354938,-0.011454,0.003971,-0.006567,32.46,64.2277208323623
86842,-8.19123,-3.761517,4.346562,-0.011148,0.003207,-0.006567,32.46,64.2556204936563
86852,-8.189436,-3.754339,4.351946,-0.01069,0.00336,-0.005956,32.47,64.2163467388034
86862,-8.192427,-3.761517,4.360321,-0.010385,0.003054,-0.004734,32.47,64.1874138221964
86872,-8.19781,-3.758526,4.354339,-0.010843,0.002138,-0.005192,32.46,64.2273048250776
86882,-8.199007,-3.756732,4.353741,-0.009316,0.00168,-0.004581,32.46,64.2312332384688
86892,-8.19781,-3.768098,4.359723,-0.00901,0.001527,-0.004123,32.46,64.2095104246782
86902,-8.193025,-3.762115,4.347161,-0.008858,0.001374,-0.002749,32.5,64.257208404628
86912,-8.202596,-3.760321,4.356134,-0.008094,0.001374,-0.001833,32.5,64.23073834912
86922,-8.205587,-3.765106,4.356134,-0.008399,0.000764,-0.002443,32.47,64.2424509986082
86932,-8.207382,-3.756732,4.356732,-0.008858,-0.000305,-0.002749,32.47,64.2347590240328
86942,-8.208578,-3.75075,4.347759,-0.008247,0,-0.002596,32.52,64.2774967902241
86952,-8.19781,-3.762714,4.351946,-0.008247,-0.000611,-0.002138,32.52,64.2439769329793
86962,-8.200203,-3.762714,4.354339,-0.008399,-0.001222,-0.002138,32.46,64.2370556262288
86972,-8.195418,-3.757928,4.353143,-0.007636,-0.001069,-0.00168,32.46,64.2274378991611
86982,-8.198408,-3.762714,4.359125,-0.00733,-0.000916,-0.00168,32.48,64.2083503921326
86992,-8.2014,-3.76391,4.360919,-0.007483,-0.000611,-0.000764,32.48,64.2071209108603
87002,-8.197212,-3.753741,4.361517,-0.008552,-0.000305,-0.002291,32.43,64.1840155662029
87012,-8.195418,-3.762714,4.357928,-0.007941,-0.000611,-0.002291,32.43,64.2077521765783
87022,-8.194221,-3.765106,4.351348,-0.007789,0,-0.001985,32.48,64.2414311792037
87032,-8.194221,-3.762714,4.369295,-0.008705,-0.000153,-0.002291,32.48,64.1465208750813
87042,-8.203195,-3.76391,4.351946,-0.008399,0.000458,-0.002138,32.44,64.2573775483773
87052,-8.200203,-3.751946,4.357928,-0.009927,0.001069,-0.002443,32.44,64.207412007082
87062,-8.191828,-3.760919,4.362714,-0.009163,-0.000153,-0.002596,32.48,64.1731106597301
87072,-8.200802,-3.756732,4.35733,-0.009163,0.000611,-0.003054,32.52,64.2168049420083
87082,-8.197212,-3.757928,4.35733,-0.009927,0.000916,-0.003665,32.52,64.2099235631054
87092,-8.200203,-3.765705,4.362116,-0.010385,0.00168,-0.003665,32.5,64.2001166826054
87102,-8.188239,-3.758526,4.360919,-0.01069,0.000611,-0.004429,32.5,64.1717356111874
87112,-8.2014,-3.754937,4.363312,-0.010537,0.000458,-0.004276,32.45,64.185497778752
87122,-8.196015,-3.754937,4.360321,-0.010996,0.001069,-0.003971,32.45,64.1887048402391
87132,-8.196614,-3.761517,4.361517,-0.011912,0.000611,-0.005651,32.48,64.1907325007841
87142,-8.205587,-3.759723,4.359125,-0.011606,0.001222,-0.006414,32.48,64.2214794272807
87152,-8.208578,-3.761517,4.359125,-0.011148,0.001069,-0.007483,32.48,64.2300941140138
87162,-8.186445,-3.759723,4.359723,-0.011606,0.000764,-0.006872,32.48,64.1750779536902
87172,-8.202596,-3.758526,4.358526,-0.012065,0.000916,-0.007025,32.46,64.2165619762182
87182,-8.209774,-3.75733,4.35075,-0.012065,0.000916,-0.006872,32.46,64.2715805267296
87192,-8.202596,-3.758526,4.351946,-0.012065,0.000764,-0.00733,32.46,64.2504502937541
87202,-8.193623,-3.751946,4.355535,-0.012523,0.000764,-0.008247,32.46,64.2048434852692
87212,-8.195418,-3.766303,4.354339,-0.012217,0.000611,-0.007178,32.44,64.2299673643689
87222,-8.193025,-3.760321,4.353741,-0.011759,0.000916,-0.008858,32.44,64.2214263092122
87232,-8.19123,-3.753741,4.358526,-0.011912,0.001069,-0.008858,32.47,64.1858708990031
87242,-8.19781,-3.756732,4.356732,-0.012523,0.001222,-0.008705,32.48,64.21311669623
87252,-8.206185,-3.752544,4.359125,-0.012217,0.001222,-0.007636,32.48,64.2154019768019
87262,-8.19123,-3.767499,4.349553,-0.012981,0.001222,-0.007636,32.43,64.2464107316209
87272,-8.199007,-3.75733,4.354339,-0.013286,0.001374,-0.007636,32.43,64.2287718931705
87282,-8.212168,-3.760919,4.35733,-0.012981,0.001374,-0.008094,32.51,64.2468179617971
87292,-8.19123,-3.760321,4.354938,-0.013286,0.000611,-0.008094,32.51,64.2111959150551
87302,-8.190632,-3.762115,4.359723,-0.013286,0.001222,-0.00733,32.44,64.1870517143419
87312,-8.201998,-3.751348,4.356732,-0.012065,0.000916,-0.007025,32.44,64.217015446554
87322,-8.200203,-3.753142,4.359723,-0.012523,0.000916,-0.007025,32.5,64.1994061918926
87332,-8.193623,-3.75733,4.359125,-0.01237,0.000916,-0.006872,32.5,64.1919324427601
87342,-8.185846,-3.756134,4.350152,-0.011606,0.001833,-0.005956,32.44,64.2193341403957
87352,-8.184649,-3.745964,4.356134,-0.01237,0.002291,-0.00672,32.44,64.1752007344161
87362,-8.189436,-3.755535,4.351348,-0.012675,0.001374,-0.005192,32.46,64.2206719573472
87372,-8.199007,-3.749553,4.360321,-0.012065,0.00168,-0.00504,32.46,64.1898998297656
87382,-8.190034,-3.747759,4.362116,-0.011454,0.002443,-0.005498,32.48,64.1584478483779
87395,-8.203793,-3.767499,4.350152,-0.010232,0.002749,-0.004276,32.47,64.2716846994007
87402,-8.203793,-3.748955,4.35733,-0.010996,0.002291,-0.003665,32.47,64.2155216099509
87412,-8.191828,-3.761517,4.348955,-0.010537,0.003054,-0.003665,32.5,64.2446322524538
87422,-8.200802,-3.751946,4.362116,-0.010537,0.002596,-0.004581,32.5,64.1872011978995
87432,-8.187043,-3.760919,4.353741,-0.010385,0.002902,-0.003665,32.45,64.2085103418175
87442,-8.196614,-3.756732,4.358526,-0.009927,0.002596,-0.004123,32.45,64.2011689847596
87452,-8.202596,-3.75733,4.345366,-0.010232,0.002443,-0.003971,32.49,64.2831212692668
87462,-8.209774,-3.758526,4.35733,-0.010385,0.001985,-0.004123,32.49,64.2389392398872
87472,-8.209177,-3.759723,4.351348,-0.010537,0.001222,-0.004276,32.48,64.2696259513846
87482,-8.198408,-3.759125,4.356134,-0.009163,0.001222,-0.004429,32.48,64.2200310780294
87492,-8.206185,-3.75733,4.362116,-0.009621,0.000458,-0.005651,32.49,64.2049595769828
